positive(p87)::35 20 14 51 9 26 4 11 28 36 34 38 7 27 0 53 49 10 15 5 55 57 17 32 29 21 1 12 16 56 19 24 2 52 58 59 25:11833:1443 1058 965 720 553 540 523 500 463 444 426 411 387 329 296 292 287 265 227 203 178 173 149 126 121 114 113 112 111 105 90 43 37 25 3 1 0
positive(p56)::101 20 74 9 51 11 62 94 95 10 106 66 89 91 82 93 0 100 5 67 83 97 12 98 84 77 72 99 69 52:10040:1223 1084 932 706 695 535 395 330 324 323 320 319 319 317 301 268 258 248 195 195 158 125 123 98 85 81 30 28 15 10
positive(p74)::134 121 101 111 112 114 26 28 4 113 89 27 109 53 115 130 0 127 5 116 123 129 138 98 84 19 131 118 25 44:11368:1179 1145 1125 1068 766 702 546 493 403 399 369 363 351 301 287 282 251 186 173 173 158 148 126 82 75 56 56 52 38 15
positive(p96)::101 134 121 162 144 114 160 9 153 158 34 66 115 113 145 163 36 159 156 116 130 127 157 152 1 167 161 2 69 72 146 63 164 165:11954:1006 1002 918 880 844 650 632 564 503 463 442 395 383 374 337 326 281 245 238 234 228 199 153 111 104 91 87 86 77 73 11 9 5 3
positive(p31)::101 111 20 74 183 112 11 153 158 4 38 95 175 179 178 10 106 163 100 67 5 77 131 84 184 98 24 58 182 59 70:10862:1265 1045 905 835 666 660 503 498 463 436 385 339 335 327 325 285 263 247 236 215 194 105 87 66 64 40 31 20 19 3 0
positive(p1)::35 134 20 144 26 109 11 28 193 36 49 175 191 10 0 91 187 116 123 1 97 185 152 167 165 72 192 12 58 139:11002:1419 1241 1236 991 553 529 485 478 459 447 369 350 312 282 276 248 246 215 184 104 99 97 96 79 77 75 28 21 6 0
positive(p136)::204 196 209 188 195 3 200 47 154 124 201 202 174 211 155 172 147 166 169 40 31 120 119 48 206 92 141 143 46 13 45 146 63 168 203 164 173 148 207:11011:1494 978 844 721 561 551 517 441 382 351 342 305 291 222 220 215 214 212 197 172 165 164 145 138 129 128 120 114 102 94 86 81 66 66 52 47 41 30 13
positive(p137)::204 50 209 188 195 200 3 194 217 201 218 212 154 215 216 18 174 155 211 166 128 213 219 169 120 102 73 151 132 41 119 81 214 203 148 168 25 146:12364:1459 947 850 748 645 586 558 501 438 413 401 400 363 360 317 283 246 217 216 213 212 208 207 188 177 150 142 142 133 128 127 107 99 52 51 50 18 12
positive(p176)::222 188 122 87 54 195 200 220 194 86 217 78 216 133 201 39 75 37 90 65 140 30 151 102 141 173 149 221 126 136 61 71 60 176 85 6 190 13 69 63 76:12652:898 762 749 745 714 624 614 561 526 489 422 385 376 360 355 347 346 325 297 289 286 236 178 169 159 157 152 142 129 113 103 102 95 93 85 69 65 53 29 27 26
positive(p98)::196 3 189 103 47 223 194 217 212 216 142 215 154 202 155 211 174 213 30 46 166 40 169 147 48 143 71 214 41 108 173 70 168 12 146:10241:1046 699 676 578 564 515 489 430 403 367 357 333 324 315 280 230 222 220 217 211 200 197 176 160 158 153 144 141 131 82 70 62 55 29 7
positive(p109)::204 22 154 212 124 43 230 75 142 215 128 219 211 155 174 213 148 42 169 173 92 96 132 126 168 165 203 44 25 185 64:9386:1903 1426 494 402 392 352 347 341 301 297 296 275 272 268 264 218 184 178 173 158 147 139 126 121 115 78 73 30 15 1 0
positive(p188)::232 50 8 189 223 103 68 47 125 150 215 79 202 231 217 212 43 171 39 216 177 128 233 172 186 120 137 46 151 88 143 119 41 48 136 81 61 108 168 139 44 64 69 25 146:13218:1232 956 738 688 567 563 547 534 476 401 362 361 360 346 339 321 299 290 289 264 263 258 252 241 235 229 201 191 180 179 177 152 145 106 98 94 77 64 57 27 20 16 16 5 2
positive(p131)::232 196 209 222 3 8 220 200 180 124 212 86 201 211 169 213 147 88 45 31 92 105 214 221 42 33 168 13 170 148 44 164 146 98 176:10902:1322 1131 1006 683 653 622 550 529 422 406 392 376 304 252 248 222 220 163 162 159 144 144 131 120 114 89 80 77 54 35 32 30 12 11 7
positive(p160)::196 188 209 200 195 47 194 103 117 217 150 231 216 202 154 177 171 140 155 186 149 40 141 102 92 48 105 81 108 143 61 6 59 69 190 25 107 207:10863:939 798 759 598 593 540 518 481 479 472 415 382 371 347 305 279 241 238 238 223 214 209 153 152 145 134 106 103 90 73 56 51 51 37 25 20 15 13
positive(p117)::204 22 196 181 87 8 223 86 124 37 218 75 90 174 213 221 177 190 88 31 96 48 214 33 170 13 203 165 58 76:10855:1561 1163 966 899 810 660 539 451 412 409 391 350 289 259 230 195 182 168 165 139 118 100 95 94 57 53 41 33 22 4
positive(p114)::204 181 122 87 103 223 125 124 37 75 215 90 65 172 219 174 140 40 186 42 92 31 190 126 105 96 173 214 203 198 6 165 25 164 131:10867:1663 868 816 787 512 509 426 420 417 370 352 316 314 307 265 263 236 212 203 171 168 164 163 143 140 132 131 107 92 70 58 52 12 7 1
positive(p122)::204 22 209 87 8 223 103 86 218 39 43 215 230 172 79 23 65 128 30 78 186 174 80 171 190 166 92 88 96 173 33 170 6 99 60 176 76:12568:1367 1155 970 810 715 536 529 466 370 354 353 351 336 315 314 312 296 291 275 272 268 268 218 180 178 164 162 146 140 138 94 84 57 35 33 12 4
positive(p112)::204 22 209 196 3 154 124 216 212 174 218 215 90 23 133 128 172 211 213 31 45 166 126 190 41 214 168 173 85 164 203 165 198 44 25 99 110:11323:1535 1101 984 899 550 424 386 383 375 351 345 339 291 288 275 256 253 253 231 229 211 204 183 156 156 111 102 97 72 72 65 63 33 24 17 7 2
positive(p121)::22 222 50 87 86 78 37 133 43 79 215 128 90 140 23 172 174 45 80 88 92 173 132 105 190 61 33 63 198 176 64 58 59 44 76:10223:1371 1006 883 822 539 413 345 343 341 339 316 300 294 281 281 280 279 247 243 185 169 157 143 139 137 104 79 66 65 13 12 12 11 7 1
positive(p197)::232 204 196 181 8 54 189 220 122 68 86 218 150 231 217 43 180 230 23 219 79 186 172 78 30 171 137 233 239 206 71 170 33 135 60 70 136 69 44 46 176 99 76 107:14616:1240 1073 1024 781 725 699 674 624 611 512 499 430 382 363 352 350 324 310 306 283 280 268 256 249 242 223 213 207 169 142 110 108 108 70 69 62 59 50 45 45 41 24 7 7
positive(p43)::35 121 101 111 74 162 183 51 112 11 193 4 49 62 113 36 82 235 0 115 163 187 67 127 237 57 5 17 97 129 1 236 16 152 165 167 185 24 19 207 58 52:13969:1307 1000 948 926 904 702 642 600 526 459 424 421 411 394 356 330 321 260 259 245 237 222 218 181 179 174 162 155 127 116 109 94 90 78 72 68 65 58 44 36 29 20
positive(p16)::35 134 121 144 210 112 36 66 193 27 7 178 235 237 127 17 130 57 29 152 97 148 2 99 98 167 199 207 44 198 184:10767:1447 1309 1139 939 631 590 415 414 398 386 362 360 297 241 239 213 204 172 122 119 117 95 92 91 83 82 79 76 25 20 10
positive(p41)::162 121 74 114 160 34 153 26 4 197 82 179 94 38 10 163 159 187 100 235 91 57 55 5 129 225 161 19 185 25 12 164 192 69:10932:1328 928 775 680 609 586 533 489 435 411 350 321 317 315 314 284 278 247 236 230 206 172 151 133 122 114 114 75 46 42 35 30 15 11
positive(p70)::101 144 121 112 114 160 4 113 28 158 115 38 109 27 66 145 179 106 93 0 156 159 67 226 32 129 161 29 77 98 69 24 19 59:12126:1148 1008 917 721 710 629 499 488 465 448 442 429 408 391 381 337 307 292 279 231 228 225 215 156 154 129 115 107 100 72 39 26 23 7
positive(p163)::50 181 87 54 122 189 47 194 68 231 216 75 65 18 177 45 233 46 40 151 239 41 73 63 60 69 48 135 70 76 136 139 107 110 44:10552:1025 905 793 712 680 658 604 534 514 387 378 357 316 260 258 239 223 217 194 180 171 159 107 100 93 90 78 74 61 52 51 44 29 6 3
positive(p108)::204 181 122 103 124 37 212 43 142 90 215 23 172 128 219 213 137 45 166 126 151 42 92 168 190 214 171 148 173 102 203 164 99 25 44 131 98:9932:1665 843 714 565 401 399 373 343 323 319 317 300 286 265 265 216 216 208 201 175 163 153 152 139 138 134 133 121 118 117 65 57 24 12 9 2 1
positive(p145)::196 209 87 3 8 47 195 194 216 202 65 215 174 172 211 217 180 140 186 40 147 46 80 48 41 239 206 71 73 190 168 173 198 146 110:10942:1043 1018 763 709 668 559 521 515 436 337 311 310 289 282 275 272 270 246 217 216 197 183 181 160 152 143 140 107 103 101 80 66 32 26 14
positive(p157)::188 200 54 195 68 47 217 223 194 150 201 78 202 216 79 154 90 120 186 171 40 119 102 143 46 41 141 48 81 60 69 61 12 107 59 207:10782:791 728 650 615 564 537 532 531 481 415 388 382 355 355 339 335 303 225 220 214 214 200 170 159 157 153 144 119 99 97 93 73 55 44 32 13
positive(p24)::35 20 111 144 112 51 238 114 34 36 109 197 4 113 38 145 82 91 115 235 116 57 129 17 131 152 69 72 58 52:12107:1444 1078 1020 921 692 588 581 541 442 430 416 414 408 398 358 325 312 287 283 249 202 157 141 138 100 78 38 35 21 10
positive(p154)::204 232 22 8 189 54 125 180 218 215 230 147 30 137 80 171 140 186 239 233 206 151 148 105 214 96 203 146 135 58 12 44 99:10945:1364 1255 1103 745 731 695 453 359 357 333 287 275 267 246 240 233 213 192 191 183 166 160 157 141 140 122 102 55 53 39 36 34 18
positive(p46)::35 134 111 101 160 162 179 193 208 36 175 27 100 235 205 67 237 17 123 236 21 152 198 167 99 182 165 185 58 131 44:10881:1401 1132 1075 1075 803 803 536 513 390 353 321 293 262 260 236 201 199 177 136 100 99 95 74 70 59 56 48 43 28 25 18
positive(p124)::232 22 50 209 222 8 189 103 86 218 39 230 23 30 172 137 80 186 140 88 169 177 149 141 102 96 168 33 170 60 6 13 99 176:11857:1343 988 975 946 753 644 611 511 502 409 363 333 291 273 260 258 242 235 214 213 208 200 169 155 144 121 100 93 84 71 58 46 30 14
positive(p68)::35 121 101 111 144 112 183 51 62 113 193 36 27 145 82 115 208 83 237 116 98 1 152 131 167 99 184 19 207 58 44 118 146:12357:1400 1174 1097 1048 947 701 693 548 471 410 409 393 360 335 334 292 231 230 226 198 134 110 105 101 81 68 57 50 47 38 36 22 11
positive(p206)::232 50 189 181 122 86 103 117 218 150 231 75 202 212 78 79 211 180 141 239 233 151 120 206 96 73 119 33 61 6 58 76:11257:1410 922 817 808 641 558 518 472 465 437 346 341 326 319 299 289 256 246 245 222 216 180 152 140 138 132 119 99 77 52 12 3
positive(p54)::134 101 20 74 112 114 160 4 113 109 66 95 178 91 93 53 67 5 83 57 234 97 138 12 236 84 1 184 69 72 24:11422:1248 1173 1066 978 833 710 672 492 458 414 333 318 295 295 263 248 201 200 175 153 134 125 119 115 107 85 82 56 45 27 2
positive(p148)::232 196 209 188 3 122 195 47 194 68 200 125 212 65 216 174 37 217 211 177 155 166 213 40 239 169 46 41 141 206 73 13 168 190 221 48 203 164:12940:1276 971 968 748 577 572 561 514 503 496 491 391 357 329 329 306 299 299 275 249 248 248 216 189 184 167 162 136 133 120 109 105 102 91 87 79 39 14
positive(p165)::22 222 188 195 117 220 200 47 201 75 37 215 217 211 155 233 186 40 41 81 42 239 48 108 214 221 6 170 118 190 46 139 176 25 104 207 58:9744:1303 845 762 567 550 540 538 417 352 341 335 324 306 283 230 229 206 178 167 153 146 124 115 114 106 98 80 76 61 50 44 42 36 12 8 3 3
positive(p204)::232 50 181 189 54 8 122 223 47 86 68 78 201 75 202 180 79 211 80 239 169 151 71 214 206 33 96 61 63 70 168 48 69 76 184:12430:1473 953 836 790 737 709 643 612 585 537 531 381 379 347 305 290 274 264 248 222 177 173 170 142 129 117 105 67 59 58 51 37 20 7 2
positive(p155)::204 232 22 188 54 189 86 180 133 124 215 147 172 80 137 45 171 233 186 149 141 136 132 239 170 33 203 31 60 44 146 104 107:10833:1313 1276 1186 745 703 583 521 351 338 335 310 275 255 253 233 221 216 206 191 172 162 127 126 119 118 108 102 99 77 37 29 26 20
positive(p180)::181 87 54 8 122 222 220 189 125 218 201 212 75 133 142 150 18 172 128 137 120 171 151 169 41 42 88 149 214 70 69 173 81 63 64 99 25 185:11591:955 757 719 674 671 650 580 574 519 414 388 373 367 329 318 314 279 263 251 231 204 193 176 169 166 151 142 139 137 112 101 94 75 60 27 15 3 1
positive(p33)::111 144 14 114 4 158 210 112 28 109 49 113 34 153 175 191 95 208 27 93 0 5 17 129 56 225 161 184 84 107 24 165 25 98:11775:1070 1049 999 668 601 583 567 510 448 435 427 410 400 374 357 334 329 298 284 283 273 154 152 136 127 102 96 83 76 45 43 35 17 10
positive(p149)::232 204 50 181 54 8 220 3 189 86 212 231 39 202 30 90 137 213 141 221 177 88 102 92 31 96 42 71 33 6 70 176 13 25 118 58 146:11757:1280 1126 972 928 689 632 611 588 571 410 347 335 323 293 292 278 227 218 164 160 155 153 149 145 123 111 95 94 84 57 54 41 26 15 4 4 3
positive(p161)::188 200 195 3 47 117 217 223 103 194 150 78 202 216 79 231 154 90 140 120 186 40 233 119 143 141 46 137 48 41 81 136 6 118 12 139 135 207:11241:762 704 615 574 564 545 535 533 521 460 413 373 364 353 351 350 348 294 267 233 218 214 188 184 159 157 156 156 141 135 119 67 55 43 30 29 18 13
positive(p35)::144 51 238 4 112 210 26 158 153 178 28 36 191 228 159 130 235 53 10 156 5 227 67 129 234 138 167 29 2 99 52 184 131 139:11301:1102 749 725 683 650 627 550 535 513 458 449 429 339 311 282 262 259 251 245 239 221 206 186 167 154 128 122 121 116 72 51 49 31 19
positive(p47)::35 101 14 74 183 26 179 208 36 193 191 95 228 115 205 15 16 53 187 83 227 224 123 229 55 1 236 152 138 59 98 97 24 182 96:11868:1398 1319 1014 921 748 529 461 418 402 391 374 373 320 279 261 251 250 250 232 224 192 178 170 140 140 139 111 99 99 49 47 36 27 24 2
positive(p186)::204 196 87 181 188 122 195 194 200 220 86 47 37 150 201 79 216 78 219 140 45 155 174 88 151 105 41 71 102 141 70 173 48 85 221 63 6 13 176 107 131:13636:1384 931 824 814 739 699 624 533 526 512 470 466 405 363 361 313 301 290 276 259 259 250 246 204 171 155 153 150 147 141 105 94 92 85 84 82 66 24 22 10 6
positive(p185)::204 196 181 87 188 122 200 220 195 68 47 194 3 201 86 37 215 124 75 216 79 140 155 213 80 177 88 31 221 92 71 105 214 96 69 48 85 70 176 164:14781:1360 1002 875 817 691 618 589 573 566 544 498 490 481 431 411 411 371 359 347 331 284 277 260 223 215 202 179 166 159 153 140 135 121 110 98 91 85 78 22 18
positive(p94)::134 20 74 162 238 160 210 26 9 34 4 7 178 89 159 208 163 156 53 83 237 226 1 199 152 56 72 161 52 185 207 69 25:11317:1078 991 913 845 664 620 595 504 493 477 463 362 356 318 318 297 257 249 248 200 199 142 119 114 107 105 89 75 44 35 34 3 3
positive(p58)::35 20 134 101 162 112 114 210 115 193 66 10 109 94 95 36 53 163 178 235 0 106 156 116 130 127 157 161 152 77 72 118 24 63 52 207:13149:1354 1089 1055 943 764 712 656 608 449 417 396 366 345 345 333 319 293 286 272 246 241 235 224 220 206 190 170 99 91 80 71 35 19 16 4 0
positive(p138)::22 50 209 222 188 200 3 68 220 47 201 212 216 43 37 23 174 211 18 30 172 128 155 147 126 31 41 71 151 48 148 136 70 44 164 110:12120:990 936 920 812 692 542 539 537 497 496 392 383 364 359 345 328 273 250 248 245 230 218 215 203 200 176 170 124 93 84 78 66 52 23 23 17
positive(p67)::35 111 121 134 144 112 238 160 11 4 26 193 109 113 36 145 82 235 100 208 116 5 1 152 131 99 56 69 165 184 19 12 70 44 207 58 146 164:13261:1381 1069 1055 1006 904 721 668 655 526 475 468 462 440 420 375 335 306 279 272 241 202 177 110 102 92 82 81 73 52 47 36 35 31 31 22 20 6 4
positive(p140)::232 196 209 223 68 194 125 218 142 171 18 37 40 219 177 174 141 137 169 126 71 48 149 166 73 96 198 190 42 81 6 58 84 25 44:10401:1504 1115 1047 574 493 476 455 420 334 271 267 261 253 253 240 226 212 211 205 179 175 172 171 137 121 121 117 110 96 83 54 35 7 3 3
positive(p88)::35 20 14 114 238 26 34 28 38 109 7 49 36 27 15 16 115 127 55 29 5 1 17 84 21 138 185 167 199 19 182 25:11386:1364 1120 994 738 729 540 518 489 486 417 407 383 366 315 293 265 259 254 210 162 144 141 112 111 110 98 86 80 76 59 46 14
positive(p115)::204 22 196 209 223 47 125 39 75 43 65 211 30 219 231 213 221 31 88 42 92 105 96 33 214 170 48 6 203 13 108 25 58:10143:1461 1059 980 966 495 474 366 354 344 341 298 279 273 255 251 225 197 194 192 168 159 132 112 107 105 103 72 55 40 37 33 8 8
positive(p139)::22 196 209 3 223 47 68 86 230 212 217 39 23 172 128 18 211 213 46 166 80 71 41 214 33 73 168 48 151 42 69 198 164 25 119:10149:950 942 927 622 601 559 504 410 408 372 326 310 298 287 273 235 234 216 202 187 183 178 147 141 104 93 89 85 72 63 57 40 23 8 3
positive(p178)::22 222 8 223 68 189 154 231 78 215 230 65 23 211 90 219 45 120 18 80 206 105 108 149 221 119 85 126 176 69 63 135 110 104 76 139 131:10105:1310 869 684 613 578 487 451 404 374 358 315 296 290 272 265 265 243 226 224 220 182 146 135 123 117 112 108 108 84 61 51 37 33 32 15 9 8
positive(p123)::232 204 22 50 8 54 189 223 3 86 39 218 30 78 23 140 230 211 79 80 213 231 172 88 105 214 166 42 170 96 33 60 6 135 203 76 13 99 58:12682:1264 1168 1106 906 725 655 525 502 464 433 431 378 297 291 281 271 264 264 241 234 230 230 222 174 142 138 134 119 112 106 95 74 66 49 44 21 13 8 5
positive(p25)::35 134 121 111 144 112 183 114 28 109 113 36 193 89 145 115 235 82 93 116 224 234 226 152 118 167 99 184 185 19 148 146 207 58 135:12768:1411 1241 1063 1037 881 721 644 545 500 495 454 428 425 316 314 294 292 276 246 201 177 139 106 95 76 76 71 67 54 50 46 11 9 7 0
positive(p203)::232 50 188 200 223 68 103 122 218 3 86 201 202 75 180 79 172 140 213 80 169 177 88 233 71 151 141 105 48 33 73 70 6 69 58:12366:1491 941 757 730 586 572 568 514 514 509 499 409 330 325 317 302 268 265 229 223 222 221 199 192 170 170 160 141 113 109 107 99 52 35 27
positive(p125)::232 22 50 209 188 222 220 200 3 39 201 125 212 78 230 23 174 30 128 45 137 213 219 166 92 239 221 214 190 33 176 13 135:11968:1188 1012 884 868 718 605 550 457 445 405 374 369 360 322 320 314 273 265 247 237 226 219 206 195 165 155 144 115 107 97 52 40 34
positive(p177)::22 222 50 188 195 220 194 103 86 124 200 201 216 133 37 212 78 180 230 23 141 174 45 137 149 92 102 126 132 221 173 190 13 85 176 76 139 64:12429:1303 918 741 733 549 525 514 497 460 430 416 374 370 360 354 350 350 343 312 290 246 243 236 197 188 164 153 141 127 103 102 99 83 83 41 24 6 4
positive(p75)::14 111 162 51 160 114 112 158 238 38 28 179 113 197 115 62 130 91 53 159 228 163 157 32 15 227 138 57 226 184 56 77 29 229 161 139 52 16:12695:1054 954 840 703 654 645 612 598 588 459 449 442 426 398 318 294 290 279 258 247 233 231 197 165 135 131 131 130 126 121 116 113 102 71 68 61 32 24
positive(p11)::101 134 121 111 144 112 114 153 34 113 4 62 115 197 191 94 82 106 235 156 163 130 116 157 127 5 138 161 152 98 182 19 118 192 184 25 44:12959:1118 1054 983 962 890 783 691 529 462 428 389 388 356 343 337 331 265 262 248 246 230 219 203 175 174 169 136 108 96 95 56 44 43 42 42 31 31
positive(p59)::101 134 20 162 160 114 9 153 193 158 115 109 10 82 106 0 159 163 130 53 156 235 116 157 234 55 226 21 152 72 161 77 70 182 118:12148:999 927 924 875 721 703 642 546 529 474 426 351 340 285 268 264 255 252 250 246 222 215 188 184 160 150 130 121 96 94 88 76 52 50 45
positive(p83)::134 14 74 238 183 158 26 109 178 4 49 38 27 179 191 228 16 53 93 15 91 227 237 225 21 236 56 129 99 1 84 185 52 192 44 184:12136:1270 1092 1002 821 730 617 552 421 410 395 391 371 368 351 333 327 315 261 249 185 177 168 167 150 144 136 130 127 93 87 73 65 55 41 31 31
positive(p37)::35 20 111 162 114 160 9 238 26 193 197 62 115 89 10 27 178 95 53 163 235 116 127 234 129 226 161 152 229 167 118 72 25 192 58 164 185:12561:1458 1066 929 848 677 637 553 546 535 521 390 356 354 345 334 327 312 289 289 287 254 212 163 145 120 115 105 102 65 43 41 41 31 28 18 14 11
positive(p85)::134 14 74 238 183 158 26 28 62 179 16 95 127 228 145 15 93 224 55 229 227 225 56 234 29 1 138 52 139 185 192:11520:1408 1067 1041 823 772 601 559 484 398 365 362 358 357 342 331 255 250 228 200 195 167 140 132 127 124 115 103 79 54 42 41
positive(p179)::232 181 103 68 125 79 150 172 133 75 142 215 90 128 177 18 233 151 120 206 88 105 119 132 96 73 110 69:9393:1578 967 575 546 519 433 433 355 355 349 336 324 313 284 262 217 216 181 179 163 157 155 129 124 109 101 33 0
positive(p187)::232 188 54 200 195 220 86 47 194 201 215 90 216 217 18 80 120 137 186 40 149 151 143 46 48 41 214 239 85 81 70 221 173 108 6 69 58 139 25:10806:1296 691 691 635 607 576 491 482 468 345 332 305 305 291 271 244 232 220 206 197 187 185 171 158 143 141 132 123 110 108 100 83 78 71 65 50 10 5 1
positive(p14)::35 134 111 121 74 183 193 197 28 145 163 10 179 208 178 93 83 57 129 165 29 225 236 98 161 167 44 72 192 84:11239:1469 1217 1064 939 809 749 448 437 436 359 340 330 320 319 301 252 232 182 132 123 116 116 109 107 88 70 49 43 43 40
positive(p45)::35 20 111 144 112 114 210 51 109 28 113 36 193 7 175 191 82 53 115 100 208 116 224 1 225 148 84 199 185 19 69 25 146:12309:1336 1172 999 813 714 646 527 521 519 444 415 387 377 370 357 323 298 297 278 267 249 222 180 119 89 82 71 68 63 48 42 10 6
positive(p62)::101 162 134 160 183 114 158 34 153 115 10 62 178 91 163 0 159 106 53 130 157 116 83 234 225 229 77 161 70 63 24:11158:1002 988 906 783 671 659 598 552 494 389 365 324 319 288 283 274 268 266 253 249 208 177 171 141 134 118 93 85 41 40 19
positive(p196)::232 50 181 222 8 122 54 189 223 194 68 86 195 218 150 215 231 217 78 75 65 230 180 79 186 172 30 102 239 105 206 71 42 170 33 60 70 69 135 46 176 99 107 76:14865:1212 900 838 763 725 686 661 626 560 517 512 479 479 392 378 371 369 361 348 343 305 300 291 289 260 255 250 155 150 147 139 114 113 88 87 78 75 62 60 45 41 22 12 7
positive(p89)::35 20 14 51 114 26 38 9 66 34 7 89 94 228 127 93 205 15 16 224 32 56 227 21 2 29 97 199 12 72 24 184 25 182 96:11695:1425 1197 1053 809 749 602 500 490 484 447 387 373 357 304 291 267 251 206 195 184 149 124 119 117 114 110 79 70 50 45 43 38 27 27 12
positive(p66)::35 121 111 134 144 112 183 238 160 11 28 4 62 113 193 36 145 27 95 115 82 100 208 0 83 237 116 5 55 152 131 99 118 167 185 207 19 146 165:15112:1381 1156 1056 1000 868 682 669 658 591 540 521 457 440 422 386 368 335 335 333 295 287 266 243 241 238 226 203 160 152 102 92 86 81 81 47 45 36 20 13
positive(p182)::196 209 87 188 222 195 200 220 47 194 86 201 78 202 216 212 154 217 79 155 174 80 213 40 41 206 88 105 71 48 102 141 73 70 85 221 46 173 13 64 184 207:13217:1012 887 744 727 709 648 564 547 526 504 449 406 373 363 354 351 351 351 345 242 237 229 225 197 177 173 158 155 152 150 147 135 131 94 83 79 60 59 48 34 32 9
positive(p36)::162 20 183 9 160 11 26 153 158 28 115 7 89 27 163 159 130 0 91 157 237 67 123 32 234 56 182 161 184 185 69 70 146:10871:1223 972 717 625 614 582 497 494 476 464 454 393 352 311 281 280 276 270 265 219 174 155 128 125 119 109 73 63 53 43 37 26 1
positive(p52)::134 20 74 111 162 114 160 238 153 112 34 158 113 4 197 62 27 191 205 178 159 115 106 83 208 116 163 226 138 123 236 161 225 84 19 192 52 59 69:14127:1093 1008 963 935 775 710 673 596 558 547 446 442 413 400 385 370 364 339 304 288 262 258 253 231 231 201 176 153 136 129 114 93 90 85 42 42 11 6 5
positive(p79)::14 112 51 160 4 11 66 38 179 49 62 113 27 205 94 130 159 228 91 187 57 157 12 226 229 15 32 138 123 59 227 16 77 184 1 99 199 182 98 131 177 76:11279:1090 813 800 619 567 464 459 453 419 391 375 364 354 316 308 282 256 250 248 186 181 175 156 153 145 141 140 134 130 128 127 103 100 99 73 63 62 60 31 27 20 17
positive(p15)::144 20 101 162 51 210 11 153 66 197 145 36 175 95 205 208 237 10 67 224 123 17 5 55 161 2 77 99 1 167 165 69 192 135:11567:1163 1147 1060 892 724 720 531 519 385 384 358 340 332 329 312 311 254 236 185 177 171 153 139 134 106 95 85 82 71 70 66 14 12 10
positive(p101)::232 196 222 8 3 220 200 124 212 180 201 125 169 65 166 133 147 143 213 31 141 221 239 168 148 33 13 176 164 98 64 146:9941:1336 1106 674 630 575 546 533 391 389 376 359 359 304 290 252 224 187 185 164 142 141 133 133 102 97 95 77 70 27 20 12 12
positive(p53)::134 101 111 20 74 183 112 160 11 28 109 197 10 94 89 91 93 159 163 67 55 138 129 226 234 32 29 161 98 77 69 59 70 72 52:12844:1184 1151 1067 1004 927 738 712 632 546 498 416 409 355 327 315 306 280 251 227 190 171 139 129 128 124 111 87 75 74 63 60 42 39 35 32
positive(p84)::134 14 74 238 183 26 9 28 38 109 66 178 191 89 228 106 94 16 0 100 224 130 229 156 237 227 15 236 1 129 99 84 184 185 44 182:12697:1286 1062 1000 821 745 626 593 500 472 440 400 369 342 338 318 304 298 251 250 250 235 224 199 198 182 162 161 130 128 127 69 68 62 47 30 10
positive(p207)::232 189 8 54 122 223 117 86 218 78 231 75 202 180 140 214 171 80 137 149 71 239 206 33 96 136 70 6 76 104 107 118:10609:1503 832 723 698 618 605 557 551 390 379 345 331 305 290 281 256 255 232 222 173 168 164 146 117 114 110 78 60 54 31 19 2
positive(p95)::162 121 74 183 160 9 238 26 11 113 197 109 191 94 66 106 89 159 93 156 187 12 1 56 225 184 131 199 72 69 59 24 25:11540:1109 948 876 745 670 642 588 554 540 460 448 398 355 353 352 336 299 293 256 248 240 147 131 114 111 88 86 77 28 24 12 11 1
positive(p127)::204 196 181 87 188 122 220 200 86 39 218 212 43 201 75 169 30 133 137 186 88 31 214 221 33 13 203 58 44:11281:1428 1032 902 741 701 602 546 468 468 450 423 393 389 349 348 308 285 264 241 209 187 148 106 104 102 37 23 19 8
positive(p48)::20 134 101 112 26 4 153 34 49 109 10 66 178 205 235 208 237 224 116 226 57 21 29 97 56 152 12 19 184 118 52 207:10551:1215 1182 1094 725 538 507 478 458 419 380 329 322 305 292 249 248 239 238 195 169 161 145 145 110 104 94 82 66 43 14 3 2
positive(p172)::204 22 181 188 220 200 117 218 37 201 43 215 23 90 128 211 30 177 132 119 166 149 126 171 96 221 63 60 168 118 135 203 131 207:10756:1509 1198 858 783 535 533 486 380 370 364 362 353 323 284 254 254 215 204 166 153 145 144 137 136 130 112 110 95 49 44 38 29 2 1
positive(p113)::204 22 181 220 3 124 37 212 75 39 43 142 90 211 221 231 31 213 219 147 132 42 92 96 126 214 168 13 148 6 203 131:10582:1607 1212 864 556 480 451 424 419 365 361 361 327 279 254 232 225 218 215 214 187 166 163 159 145 138 128 109 107 101 57 50 8
positive(p153)::209 222 87 122 189 103 194 125 216 154 150 90 142 174 233 231 137 45 147 151 149 88 173 61 85 136 81 135 98 108 107 110 146 139 176:10061:1000 875 841 795 683 543 515 450 380 375 365 323 312 286 249 248 241 235 188 180 165 157 117 106 95 80 63 62 54 36 18 7 7 7 3
positive(p152)::204 181 50 122 188 189 103 125 218 124 37 215 230 39 65 169 140 137 147 166 126 151 105 173 85 61 63 146 203 110 99:11298:1558 946 922 767 741 689 549 482 425 394 384 379 359 330 292 257 234 214 201 197 190 160 135 113 101 87 87 55 41 8 1
positive(p200)::232 50 181 222 8 54 122 189 223 68 125 201 150 133 23 65 230 180 78 79 30 45 172 239 206 132 85 98 6 136 70 176 44 104 76 118:12736:1274 921 813 732 719 686 631 621 572 572 478 391 369 343 320 311 310 306 303 286 275 259 247 204 152 136 108 80 71 71 69 41 37 17 7 4
positive(p126)::22 50 209 87 222 188 220 200 39 201 23 30 45 128 213 137 166 177 92 31 88 221 214 85 203 13 44 107 164 139 76:9748:1043 974 901 747 744 704 590 428 379 373 322 266 237 229 217 210 195 180 176 171 168 138 112 99 62 38 16 13 9 5 2
positive(p8)::101 14 74 162 51 183 34 62 27 175 66 205 94 91 93 57 129 123 32 236 56 138 2 225 198 182 97 44 139 184 24:10728:1196 1096 1075 1062 818 702 472 436 408 376 357 332 296 278 274 194 144 140 131 129 119 118 117 117 83 75 51 43 40 36 13
positive(p169)::22 222 54 217 194 195 223 117 154 78 124 150 128 230 75 142 219 155 79 132 206 42 104 102 108 190 136 170 63 176 107 139 135 118 76 131:10542:1194 979 624 574 551 550 526 471 459 418 388 353 342 334 320 306 292 277 275 152 135 129 129 122 121 110 87 83 82 43 29 28 27 25 6 1
positive(p167)::50 209 189 87 47 194 195 103 125 117 150 212 202 65 217 154 46 171 155 233 126 120 151 40 147 48 92 143 119 166 81 63 139 108 58 42 110 146:11470:937 872 710 693 641 532 529 508 481 474 425 356 321 317 301 292 282 278 263 224 202 190 185 182 156 144 142 140 137 130 117 88 81 41 41 28 17 13
positive(p129)::204 196 22 181 87 188 54 220 189 125 124 212 43 75 201 211 169 214 88 45 171 148 132 31 42 33 221 203 13 98 135 58 25:11671:1430 995 980 813 759 701 660 518 427 421 395 374 364 361 294 278 244 208 187 180 173 157 150 147 109 90 81 63 56 28 20 5 3
positive(p190)::232 196 181 189 54 8 223 68 125 218 150 215 231 79 133 171 230 39 177 172 45 18 186 88 71 214 102 92 46 206 143 85 61 136 6 108 70 44 118 99 107:13531:1503 1091 830 707 694 693 619 521 488 459 392 391 370 363 337 335 310 303 297 272 263 258 234 205 168 155 154 153 152 139 119 117 91 70 64 61 53 33 31 27 9
positive(p116)::204 196 122 194 3 195 103 223 189 124 212 37 75 133 231 90 169 166 31 137 42 126 40 41 141 168 221 13 176 63 25 98 24 131:10681:1550 973 613 572 552 548 509 508 404 402 388 372 341 330 292 290 250 218 205 193 174 172 170 146 144 107 89 84 35 19 11 10 5 5
positive(p63)::35 134 101 160 162 114 9 158 193 113 115 66 197 82 36 163 159 235 157 156 130 116 57 226 236 21 161 72 152 70 118 24:12063:1371 925 893 868 791 689 591 574 500 474 462 406 386 304 287 283 253 233 230 220 214 190 171 129 129 121 89 84 82 52 43 19
positive(p91)::35 101 20 14 162 160 114 210 193 7 197 178 175 205 49 127 163 27 106 91 235 16 237 15 157 123 236 227 199 225 84 165 161 104 2 72 198 24 52 44:13256:1359 1106 1016 954 899 664 634 560 425 385 376 341 334 314 314 290 284 264 253 251 243 230 210 204 171 135 130 125 94 90 85 83 79 72 64 63 51 43 36 25
positive(p44)::35 111 20 74 183 36 62 9 158 197 193 82 4 10 175 208 235 163 100 67 227 15 130 16 97 138 129 152 56 77 98 72 44 184 207 24:11668:1510 984 890 815 651 486 444 436 409 404 402 364 350 339 333 321 297 281 244 215 190 187 182 139 122 114 110 104 78 69 54 41 36 33 20 14
positive(p32)::101 111 121 144 162 114 183 9 28 158 62 38 197 106 179 95 163 175 91 10 53 130 116 157 55 123 227 226 16 236 161 12 84 139 19 24 182 58:13310:1141 1022 949 947 859 652 641 590 497 427 416 415 362 329 327 325 318 316 309 279 269 247 208 186 186 144 134 126 121 120 113 111 77 36 33 32 27 19
positive(p184)::196 209 222 188 195 220 194 200 47 3 86 217 201 150 216 78 79 37 128 155 174 186 219 126 41 151 206 71 141 48 70 85 221 173 13 64 135 176 59:12004:1062 869 718 706 643 531 526 519 473 449 411 378 364 359 359 328 309 305 246 235 231 221 212 186 177 170 161 151 138 136 88 85 66 66 52 24 23 22 5
positive(p78)::101 14 112 160 114 158 38 66 113 179 106 27 163 95 205 91 130 228 187 157 226 15 229 227 77 16 84 12 167 29 98 139 182 185 131 76:10916:1309 1053 723 659 643 626 480 429 419 404 342 316 296 285 277 260 253 229 217 175 149 137 136 132 132 113 110 106 97 89 86 76 67 45 29 17
positive(p20)::162 14 51 183 160 26 197 89 7 191 127 95 94 205 228 53 15 16 237 157 130 229 227 2 32 123 224 167 104 199 52 161:10644:1126 1079 836 787 585 524 510 448 377 366 338 325 296 290 282 240 236 236 204 183 181 153 146 139 138 126 121 96 88 81 58 49
positive(p151)::204 22 54 87 8 189 68 86 124 37 75 219 174 180 147 171 148 233 151 126 190 33 61 176 108 6 63 104 107:10206:1393 1158 748 743 717 662 577 542 394 352 347 280 276 272 200 197 187 183 166 165 132 101 93 84 81 57 38 35 26
positive(p82)::14 238 158 26 38 28 197 179 191 127 7 178 106 16 15 228 130 100 224 55 227 156 129 229 236 56 225 138 199 59 44 192:10232:1095 826 634 625 570 477 441 418 385 380 379 368 341 326 313 312 246 235 227 217 200 168 165 149 134 132 123 118 105 90 19 14
positive(p22)::35 121 144 238 36 193 62 82 175 208 145 235 187 237 227 100 224 67 97 226 152 2 148 72 104 198 99 164 44 110 207:9809:1473 1127 1083 738 484 448 421 417 409 408 392 261 252 244 229 221 216 193 154 132 99 83 77 59 49 47 42 37 12 1 1
positive(p144)::196 209 188 122 195 47 223 68 194 150 215 216 212 202 231 217 211 40 120 186 149 166 132 239 46 147 221 41 81 214 190 136 198 69 58 164 146:11264:1045 989 752 645 579 559 501 499 474 385 378 377 369 323 300 299 283 230 225 206 203 192 189 178 160 143 142 140 123 109 78 54 53 50 16 13 3
positive(p60)::134 101 20 162 160 114 9 34 153 158 113 4 66 115 197 109 178 159 130 156 163 83 116 237 226 157 57 234 55 21 161 225 77 72 118 58:12971:1058 977 954 874 728 705 635 535 534 471 450 428 402 375 364 331 280 265 261 249 217 195 192 178 165 164 161 157 151 119 101 96 83 70 45 1
positive(p164)::22 222 8 54 189 223 117 218 43 231 23 219 65 30 45 151 42 132 69 102 60 63 136 88 61 6 176 135 190 107 12 139 76:9589:1380 927 761 743 719 558 519 378 342 335 306 294 287 274 203 180 158 132 130 115 110 106 101 97 96 69 56 53 47 47 32 28 6
positive(p71)::121 134 144 101 162 114 112 28 113 115 4 66 27 109 197 191 94 179 95 106 116 5 234 123 32 77 161 118 19 24:12228:1070 1059 1016 974 815 737 619 469 428 408 404 397 396 385 356 350 339 329 306 282 195 162 162 144 131 108 90 50 30 17
positive(p146)::196 209 3 220 122 195 68 217 231 212 230 154 216 202 172 218 177 155 174 40 120 149 211 46 186 166 169 41 102 73 214 48 6 168 70 25 198:11273:984 924 649 596 563 547 519 458 397 391 369 360 339 328 324 307 249 239 238 235 226 226 225 197 194 179 157 140 139 138 129 105 61 52 47 26 16
positive(p34)::35 162 4 9 113 11 34 49 28 82 66 53 27 208 235 159 156 187 228 157 67 17 226 12 56 29 1 138 229 225 70 199 184 69 97 164 192:10787:1456 976 602 588 558 501 489 455 428 411 380 303 301 290 262 262 260 233 219 216 207 178 151 125 115 112 110 103 93 82 70 68 61 56 43 13 10
positive(p86)::35 20 14 51 114 210 26 38 36 34 7 127 175 16 15 205 237 55 227 224 21 29 32 56 2 199 165 72 198 76 25 135:11354:1431 1116 1016 827 747 560 545 463 459 440 408 380 372 313 312 277 268 172 151 147 141 126 126 105 103 86 71 69 45 28 27 23
positive(p162)::196 209 188 200 195 47 223 217 194 117 150 202 216 154 65 177 79 155 120 46 140 40 81 48 41 119 143 102 63 59 170 25 135 64 118 184 12 207:11019:934 828 780 694 618 577 559 478 474 471 432 361 359 338 314 305 284 239 238 226 224 207 171 148 145 143 124 111 74 40 37 21 19 17 17 6 5 1
positive(p205)::232 189 220 86 103 47 122 117 150 201 78 202 79 180 23 65 219 140 172 171 141 186 71 151 239 119 33 73 136 170 81 60 135 64 76:10921:1423 787 625 573 565 532 527 517 422 406 362 332 320 306 288 279 272 266 247 243 190 184 167 162 155 141 117 104 94 82 78 69 52 18 16
positive(p9)::101 111 74 38 158 9 34 11 28 49 113 89 145 95 228 127 93 53 0 5 156 55 123 17 138 129 229 56 1 84 59 97 118 185 182:11719:1360 1176 840 639 587 516 495 487 479 463 450 400 351 339 299 282 266 234 223 200 192 169 153 141 140 133 129 117 93 89 68 56 53 50 50
positive(p192)::232 223 68 103 79 125 150 78 218 202 172 171 140 219 39 45 186 233 46 120 143 141 132 206 105 92 88 85 61 108 135 70 104 64 118 107:9825:1559 603 584 553 458 444 428 426 392 348 332 324 286 285 276 237 221 208 203 201 176 163 161 147 141 137 136 103 83 70 52 39 18 16 8 7
positive(p5)::134 162 74 20 183 153 160 26 158 62 178 145 7 159 53 93 16 156 83 17 163 57 5 129 234 56 29 72 161 84 198 185 104 146:11657:1228 1177 965 938 729 586 565 558 455 448 421 358 353 329 261 252 207 201 194 176 165 143 130 130 124 116 108 83 71 54 52 41 24 15
positive(p171)::222 122 54 194 195 217 117 154 231 230 133 124 78 216 128 75 142 90 39 80 233 149 151 92 132 108 104 105 61 71 63 107 139 52:10573:1046 716 641 610 599 535 504 457 401 369 363 356 351 333 325 323 302 275 272 216 211 205 179 173 149 137 120 108 85 75 65 42 22 8
positive(p191)::232 50 181 223 47 125 150 79 172 215 231 202 142 177 171 39 219 45 46 120 239 151 105 143 92 206 102 119 63 173 170 108 6 135 118:11189:1475 1008 1000 561 530 439 395 393 386 380 368 351 333 313 308 296 274 257 239 227 195 158 155 154 153 152 141 128 108 71 70 67 55 33 16
positive(p39)::162 111 121 74 160 114 112 153 4 113 34 109 38 197 191 115 179 178 159 91 67 83 237 5 57 129 161 236 138 167 225 182 19 192 69:12803:1115 1012 968 807 699 673 602 539 534 522 508 473 439 373 357 337 313 307 272 266 217 208 170 162 155 122 116 111 111 95 90 56 42 28 4
positive(p64)::134 101 20 111 74 9 114 153 26 34 4 109 113 95 197 191 94 175 115 82 93 235 156 106 5 116 127 129 17 138 225 161 118 72 25 98 146 52 110:14041:1145 1097 1057 1041 942 699 612 542 537 461 411 373 366 350 349 336 328 322 309 275 275 270 260 256 205 205 182 152 147 120 111 82 70 64 38 32 11 7 2
positive(p156)::204 50 181 87 8 122 103 125 230 180 219 30 147 171 186 148 151 233 239 206 96 214 136 173 61 104 203 6 60 146 44 99 98:9951:1537 926 873 770 694 571 508 401 329 315 289 262 243 235 215 175 173 168 164 151 141 131 125 122 87 80 63 56 47 41 23 21 15
positive(p111)::204 22 181 54 3 216 124 43 174 215 90 23 172 65 213 211 40 31 169 41 149 173 132 126 190 168 96 102 177 60 85 170 203 44 110:10371:1460 1050 888 663 515 413 353 349 321 319 316 307 303 300 271 255 216 179 175 168 167 158 150 140 139 137 129 129 111 80 77 66 64 2 1
positive(p81)::134 14 111 238 160 158 210 9 26 89 62 145 95 127 130 228 106 53 100 91 187 157 55 234 15 227 229 16 1 199 32 52 98 63 131 146:12012:1337 1056 908 747 653 601 581 487 477 438 355 336 335 312 293 284 280 261 241 234 191 175 173 165 154 141 133 125 117 101 85 85 69 45 22 15
positive(p49)::101 111 183 51 112 4 26 38 153 89 28 34 10 127 53 106 0 83 187 226 17 224 2 138 21 56 29 236 225 182 131 44 70:11006:1254 1121 690 643 611 552 534 469 446 443 438 399 361 306 274 268 264 234 198 170 168 168 154 142 122 119 113 111 99 40 35 34 26
positive(p110)::204 22 196 209 54 3 68 47 216 174 43 23 90 128 140 30 213 137 45 31 88 41 190 85 46 203 165 170 6 76 60 58 164 99:10840:1379 1027 954 892 615 552 518 460 439 343 334 301 295 281 258 252 243 236 201 196 156 156 149 92 91 87 87 67 57 43 42 29 7 1
positive(p23)::35 111 121 144 210 11 62 34 36 197 7 49 10 145 27 208 235 53 116 199 148 152 182 19 198 69 207:10988:1431 1171 1056 785 565 539 524 506 478 452 398 372 354 348 347 334 329 267 226 114 112 96 63 44 33 33 11
positive(p42)::35 134 101 20 111 74 162 183 112 26 11 158 113 193 109 197 4 95 145 115 82 53 235 156 163 67 130 157 5 57 234 55 138 152 161 56 19 192 207 69 25:15703:1280 1020 970 969 908 852 679 672 661 558 539 462 425 410 405 400 376 371 337 297 277 274 269 260 218 206 205 187 174 173 152 138 125 105 94 90 59 42 28 19 17
positive(p159)::188 54 200 181 195 3 47 220 117 217 194 150 201 78 216 202 154 79 155 213 40 71 137 141 41 143 48 81 70 139 170 69 107 12 207:10963:764 648 642 630 607 565 556 545 495 469 447 413 401 369 352 350 348 334 252 218 198 176 163 155 145 139 132 127 86 64 63 36 33 28 13
positive(p181)::204 232 196 209 188 122 195 200 68 220 194 47 86 201 75 230 133 216 79 30 140 45 155 80 177 233 186 88 151 71 221 214 70 108 85 48 6 118 136 135 25 13 176 58:14615:1238 1219 937 910 740 600 582 567 558 542 519 475 438 385 340 335 324 308 297 265 263 261 260 234 227 216 213 200 174 116 108 101 88 87 85 81 65 61 59 53 27 24 22 11
positive(p18)::35 20 183 11 36 9 113 66 175 94 0 95 205 53 237 127 83 15 100 57 123 224 17 226 148 225 104 131 185 207 192 182 99 176:10337:1706 1268 718 540 519 426 404 362 355 354 327 310 303 286 264 240 225 222 215 159 157 152 150 146 118 92 83 66 62 38 34 23 8 5
positive(p130)::232 50 181 222 8 122 220 3 103 189 39 124 125 37 212 216 90 201 137 213 92 88 214 96 221 31 85 136 168 148 13 98 131 176 99 146:11483:1164 933 878 805 623 586 553 543 500 477 454 409 385 371 357 288 274 265 242 210 170 145 129 121 109 103 98 84 64 46 36 29 14 7 6 5
positive(p147)::196 209 47 195 223 194 216 212 215 231 211 180 172 217 171 90 18 37 46 174 40 80 186 120 239 169 48 147 141 41 206 143 151 173 190 168 198 64 184 146:10764:1082 1036 591 567 513 500 391 376 349 322 298 295 292 278 274 270 268 252 231 217 217 216 212 198 190 154 142 138 134 127 121 116 115 85 77 71 20 14 8 7
positive(p133)::204 50 188 195 200 47 212 217 154 43 201 124 215 230 202 174 211 155 128 166 171 48 120 147 151 141 73 146 173 148 63 70 203 12 168 64 135:11220:1555 882 836 602 569 479 444 427 402 370 364 364 350 349 322 289 260 241 230 229 219 189 164 149 141 139 113 81 78 77 72 71 71 39 36 11 6
positive(p158)::196 181 8 195 200 223 47 217 194 117 150 216 202 154 177 79 186 172 120 155 46 40 81 119 41 48 143 108 6 139 170 118 207:10636:927 704 683 625 596 575 553 480 474 465 432 358 352 338 323 316 243 242 238 232 226 204 175 170 145 145 124 102 72 54 45 17 1
positive(p201)::232 22 181 188 222 54 200 220 117 47 125 201 180 217 43 23 79 78 230 172 80 30 186 233 141 239 105 206 170 85 135 69 70 176 46 107 44 99 76:13010:1242 1097 798 773 705 683 628 589 528 480 454 402 359 343 342 320 315 295 289 274 265 263 218 200 166 162 146 132 99 99 66 62 59 41 39 29 28 13 7
positive(p193)::232 50 189 8 223 103 68 47 86 150 79 202 231 133 171 39 177 65 172 45 186 143 119 71 88 46 206 141 92 102 33 136 108 170 135 110 118 59 107 24:12159:1429 896 778 689 600 575 545 543 531 383 369 351 346 333 307 298 283 271 248 243 204 199 177 168 161 159 150 149 145 145 117 114 83 80 41 16 13 13 6 1
positive(p55)::134 111 20 74 112 238 11 109 49 197 191 10 94 95 89 82 156 83 237 5 67 55 12 98 236 167 131 84 69 72 52 70 24:11553:1330 1144 1099 926 838 652 534 430 422 410 343 325 325 325 301 290 240 199 196 190 180 157 105 96 89 81 73 71 59 42 41 38 2
positive(p194)::232 196 181 223 103 68 86 150 218 78 79 202 65 219 45 46 39 120 233 88 92 132 206 143 119 85 63 136 135 104 60 64 118:10534:1474 1020 847 624 547 509 476 440 437 426 395 348 302 291 259 240 231 227 197 167 153 152 130 127 103 103 102 68 53 33 32 13 8
positive(p4)::111 121 74 183 4 11 9 113 109 34 197 36 49 145 235 115 205 208 178 187 67 224 123 57 5 138 148 99 52 184 165 72 207 69 2:11356:1077 1051 835 636 635 559 554 496 495 422 407 381 360 330 329 307 280 278 272 236 216 184 146 146 141 117 94 76 67 65 54 46 33 21 10
positive(p135)::50 222 209 188 3 195 200 194 212 217 201 154 18 211 186 30 155 169 120 119 147 206 141 132 143 146 46 203 170 148 12 207 58:9999:951 833 827 761 632 627 614 542 436 421 368 327 256 216 208 201 199 198 173 151 147 141 133 131 130 81 74 54 46 45 44 19 13
positive(p99)::209 50 3 8 47 189 195 125 212 215 43 142 174 217 37 231 211 90 128 213 30 126 169 172 46 147 143 92 214 31 173 33 168 146 164 190:10790:1043 1008 647 621 562 513 490 402 397 359 342 339 291 272 268 262 251 250 226 224 211 200 197 195 182 156 131 126 123 121 100 98 59 55 38 31
positive(p3)::101 14 144 160 210 36 82 208 28 163 7 34 145 228 93 16 237 53 83 227 15 2 21 32 167 199 198 97 98 58 192:10505:1349 1040 966 664 542 455 444 421 412 410 392 390 387 303 280 279 233 219 208 193 177 143 136 112 93 83 48 43 39 28 16
positive(p103)::196 209 222 87 3 220 189 39 218 212 124 142 230 201 90 169 166 213 137 147 88 48 102 105 73 221 148 13 168 176 146 64:10690:1139 1063 769 701 667 544 449 418 415 406 371 346 344 340 305 293 248 246 220 205 163 147 147 146 138 112 108 105 80 25 16 14
positive(p28)::20 162 111 14 51 112 26 38 62 49 27 179 95 10 0 91 93 157 83 15 57 5 17 236 56 97 84 182 107 19:11158:1075 1071 1057 993 831 644 564 470 422 403 349 345 302 300 256 246 232 205 201 171 163 155 131 119 115 105 102 48 42 41
positive(p27)::134 111 238 160 210 9 11 179 34 28 113 94 106 0 163 93 228 55 237 67 234 2 1 224 129 227 21 52 12 32 199 192 29 161 98 16 44 25:10619:1245 984 690 607 584 555 478 455 440 428 402 309 293 286 279 238 226 185 181 176 166 156 134 134 132 107 94 91 90 84 74 73 72 67 43 42 12 7
positive(p40)::35 111 121 112 114 51 74 160 26 193 197 10 191 115 159 53 67 57 234 98 226 236 152 56 184 131 69 19 182 24 58:11401:1488 1039 993 780 743 709 707 695 482 469 429 349 334 316 282 255 187 173 137 124 123 120 102 97 62 57 50 50 26 23 0
positive(p107)::222 122 54 194 3 216 154 124 230 75 218 90 65 174 186 140 40 169 126 147 92 173 132 96 166 190 168 148 165 203 164:9318:1018 811 606 585 584 473 428 401 382 330 311 304 302 280 258 256 243 204 196 183 153 131 131 118 117 110 110 103 86 74 30
positive(p92)::162 14 144 20 238 26 34 153 163 62 7 82 191 94 89 159 93 127 83 15 57 157 32 234 236 199 161 72 185 139 198 192 58:11388:1132 1036 971 957 680 597 528 514 463 404 386 365 363 318 298 294 264 222 192 176 176 175 150 143 123 111 101 83 47 44 43 16 16
positive(p106)::204 181 87 122 220 154 3 124 39 75 230 125 133 65 169 231 90 221 213 147 166 126 168 102 141 148 85 13 108 203 110 185:10407:1478 823 766 688 540 490 474 400 394 365 347 341 322 314 298 271 264 240 221 200 160 158 155 140 136 132 101 91 55 24 10 9
positive(p61)::162 160 114 51 9 158 238 34 153 115 197 10 178 163 130 106 159 157 156 83 116 234 226 55 21 225 77 161 70 118 59:10269:980 794 719 624 611 586 561 510 499 429 404 359 336 316 285 284 256 242 235 178 165 161 127 124 115 88 87 86 69 33 6
positive(p132)::204 196 188 200 195 47 212 217 154 201 124 43 230 174 18 211 141 155 128 166 169 147 48 151 206 102 73 71 148 46 203 146 70 173 58 135:11056:1571 904 809 660 547 453 430 430 401 389 360 358 349 286 277 258 219 218 218 215 210 209 172 151 141 141 117 110 97 79 71 67 62 61 10 6
positive(p50)::35 134 111 101 210 112 89 28 193 197 38 10 178 27 127 83 187 17 67 2 29 21 56 77 225 207 184 98 182 44 131 118 107:11709:1403 1262 1190 1127 653 582 490 469 440 431 400 370 358 356 283 227 208 197 188 125 121 119 111 99 93 76 75 73 62 61 32 19 9
positive(p102)::232 196 209 3 188 220 200 180 201 230 169 30 211 166 140 147 141 102 88 13 85 168 143 132 136 221 148 60 98 176 164 146:10013:1461 1097 899 713 670 573 511 388 335 334 298 295 252 238 222 195 190 156 147 125 116 109 101 101 101 100 84 65 64 29 28 16
positive(p90)::35 14 20 51 114 183 4 36 34 28 7 175 27 89 208 94 178 15 16 53 226 32 21 29 17 234 2 167 19 24 104 12 25 52 44:11947:1430 1004 967 766 680 658 570 461 449 419 396 381 371 367 365 348 333 279 272 264 166 147 141 129 119 104 90 88 54 43 37 16 15 14 4
positive(p97)::101 121 144 112 210 114 160 153 158 113 109 115 145 66 27 53 208 178 93 0 156 159 116 237 5 57 129 225 131 118 19 164 146:11956:1180 1137 994 779 586 581 548 475 470 415 403 399 358 357 347 282 273 272 268 257 215 215 211 202 132 131 122 111 111 76 28 20 1
positive(p142)::196 181 87 222 3 195 8 194 216 218 217 212 215 180 65 231 90 213 37 211 40 80 169 126 149 177 166 41 48 151 190 81 168 46 176 25 198 110:11832:1109 876 708 691 646 638 606 544 454 398 365 347 347 322 308 302 273 263 262 249 230 204 201 185 183 180 157 153 140 130 83 75 71 53 30 30 17 2
positive(p195)::232 8 122 189 117 223 86 218 150 212 78 231 75 133 79 180 230 18 120 172 233 239 81 70 170 96 85 73 42 63 69 60 135 107 64 76 99 104:10795:1490 742 719 656 589 581 465 423 409 385 356 343 325 319 303 283 273 261 228 226 214 154 117 107 105 103 101 91 85 80 75 67 67 24 16 7 6 0
positive(p120)::232 204 22 209 8 189 54 220 3 86 180 215 231 23 172 30 230 140 219 213 80 132 239 105 177 214 173 166 170 149 33 190 108 6 107 98 203 76:12492:1240 1109 1070 832 700 628 619 555 428 425 404 382 299 297 296 293 292 270 246 245 237 164 162 153 145 136 132 111 110 108 108 93 72 50 30 27 20 4
positive(p69)::121 134 111 144 162 114 9 238 153 34 62 38 27 191 10 89 115 53 82 100 235 156 0 163 116 57 129 5 97 152 148 72 192 25 118:12954:1148 1014 980 941 841 661 578 557 521 510 426 328 327 322 314 305 302 291 270 266 254 245 238 211 207 153 143 129 124 94 88 73 42 28 23
positive(p93)::162 144 121 238 9 26 11 4 158 113 109 49 191 163 178 106 115 89 159 93 67 237 83 97 234 226 138 225 72 182 69 192 25:11270:1024 965 876 609 579 576 515 512 468 410 402 400 364 362 350 321 318 292 272 250 205 182 161 157 145 137 120 111 81 45 32 28 1
positive(p57)::134 101 111 20 74 9 11 4 62 94 95 10 89 178 91 106 93 0 5 83 67 55 12 129 97 84 77 72 69 70 52 107:11493:1164 1151 1132 1010 898 730 534 488 396 329 319 305 299 294 290 272 261 257 223 201 200 159 123 121 113 65 56 42 32 16 11 2
