positive(p149)::1 2 3 4 5 6 9 10 11 12 13:8494:595 1474 1270 1102 743 1002 307 37 1752 135 77
positive(p354)::0 15 16 17 18 7 8 20 21 22 23 24:10388:1369 1300 2497 447 280 548 231 4 175 3015 344 178
positive(p379)::0 15 17 7 8 27 22 23 14:5441:568 607 352 505 246 477 2465 12 209
positive(p12)::2 28 29 19 7 30 11 31:8083:3286 56 572 603 91 1335 1057 1083
positive(p89)::0 16 17 28 18 7 8 32 23 14:9358:864 2036 534 2555 1578 400 230 122 873 166
positive(p373)::16 17 28 18 7 8 34 22 23 13:8307:2103 402 987 639 479 269 565 2442 417 4
positive(p356)::35 36 16 17 18 7 8 32 21 22 12 13 14:10419:1045 268 1916 376 1044 684 292 70 439 3056 631 428 170
positive(p386)::0 1 17 38 39 22 23 14:7075:1248 467 415 782 674 2892 413 184
positive(p215)::40 2 19 41 11 12 31:6462:1240 1801 468 1177 1220 134 422
positive(p566)::1 25 6 21 11 31:6870:1777 515 1621 675 1634 648
positive(p286)::43 25 17 42 7 8 22 12 14:6958:710 1565 356 335 140 111 3025 567 149
positive(p122)::40 37 3 19 41 21 11:5903:787 129 1527 379 1109 398 1574
positive(p50)::40 36 25 19 9 21 31:6945:1457 2070 155 777 1876 110 500
positive(p675)::0 15 16 17 7 8 27 22 23 14:7878:685 901 1781 328 262 225 515 2437 543 201
positive(p334)::40 16 17 28 7 8 22 23 13 14:8198:80 1859 453 1084 635 276 3191 302 111 207
positive(p579)::33 37 3 28 5 19 9 21 11 31:8018:76 1284 1575 29 1870 537 101 415 1515 616
positive(p449)::0 15 25 17 42 29 7 8 45 46 22 12 14:10110:1030 795 1555 456 1252 427 199 210 233 263 3200 339 151
positive(p182)::35 3 4 6 10 11 12 31:6706:338 1202 1474 1280 146 1461 76 729
positive(p188)::2 3 4 5 19 7 9 21 11 12 31:8053:2113 1530 480 633 384 5 260 290 1935 91 332
positive(p627)::35 43 25 17 28 38 39 27 22 23 14:7172:43 254 512 364 1416 941 575 552 2114 130 271
positive(p639)::16 17 42 18 7 8 32 21 22 23 14:8707:2264 496 847 442 486 205 67 90 3579 37 194
positive(p117)::33 1 26 18 7 8 47 12 13 14:5128:525 103 1866 1022 250 159 406 469 131 197
positive(p263)::33 15 16 17 4 29 7 8 27 22 23 14:9035:176 1417 1625 353 864 349 198 198 462 2750 487 156
positive(p531)::15 17 26 18 6 7 8 23 13 14:6795:1299 431 911 1459 110 540 244 1283 284 234
positive(p96)::16 17 28 18 7 8 27 23 13 14:8302:1317 465 2574 1070 589 313 487 1120 133 234
positive(p355)::0 15 16 17 28 18 7 8 27 21 22 23 13 14:11470:973 712 2715 490 1143 1199 555 238 427 12 2479 353 8 166
positive(p637)::33 16 17 42 18 38 39 49 21 22 23 14:9789:259 2293 412 1739 488 1120 569 30 38 2407 308 126
positive(p480)::15 25 17 38 39 22 23 31:7375:1301 487 379 1328 716 2557 428 179
positive(p440)::16 17 28 18 7 8 34 21 22 12 13 14:12490:2686 501 1959 1016 648 294 634 485 3048 660 430 129
positive(p621)::15 25 17 42 29 7 8 27 22 14:7113:756 922 348 1118 385 58 43 453 2935 95
positive(p63)::40 36 37 4 5 6 21 11 13:5244:548 570 316 628 758 908 122 1385 9
positive(p636)::15 16 17 42 7 8 22 12 13 14:9061:736 2541 455 1109 208 64 3208 514 68 158
positive(p433)::35 15 17 18 7 8 34 22 14:5729:292 236 358 649 534 197 653 2647 163
positive(p507)::5 6 21 11 31:5665:966 2051 103 1832 713
positive(p136)::1 2 19 47 30 11 13:5072:185 577 655 1253 1236 1165 1
positive(p397)::0 15 25 17 42 38 39 22 23 31 14:10632:1214 925 838 365 1465 1634 835 2416 533 188 219
positive(p418)::15 16 17 42 18 7 8 21 22 23 14:9947:1241 2495 487 1178 405 505 188 288 2840 179 141
positive(p553)::2 3 4 19 11 13:7043:2499 1335 1197 286 1577 149
positive(p278)::43 25 17 18 38 39 22 23 31 14:6144:340 818 240 61 1010 729 2477 46 148 275
positive(p623)::40 36 6 31 53:4991:1014 838 1591 399 1149
positive(p656)::1 25 17 38 39 45 46 22 23 14:7158:90 720 291 1161 788 215 202 3055 393 243
positive(p91)::33 43 17 42 18 38 39 9 23 14:7533:1575 372 425 647 609 1631 884 172 1075 143
positive(p466)::40 17 7 8 49 21 22 12 13 14:6289:129 472 580 253 16 41 3737 591 243 227
positive(p30)::2 3 5 19 44 21 11:8266:457 1411 2199 701 1522 369 1607
positive(p353)::43 17 4 5 38 39 49 22 14:5737:151 322 217 216 839 827 34 2983 148
positive(p375)::25 17 28 7 8 32 22 23 14:5792:635 353 854 428 222 189 2897 93 121
positive(p446)::0 43 25 17 7 8 45 46 22 23 14:6451:492 284 1044 354 338 271 267 203 2654 340 204
positive(p287)::0 15 25 17 28 7 8 45 46 22 12 13 14:7319:4 1157 480 437 373 487 308 180 218 3049 399 15 212
positive(p501)::0 1 2 5 19 51 21 11:7134:173 353 377 2193 447 1254 621 1716
positive(p633)::15 25 17 7 8 45 46 22 23 14:6521:1456 462 362 244 257 261 218 2589 507 165
positive(p430)::0 25 17 28 18 38 39 22 23 31 14:7772:361 249 342 978 716 1475 637 2169 407 267 171
positive(p630)::17 28 18 7 8 21 22 23 14:5704:320 869 1259 404 234 539 1851 124 104
positive(p324)::33 36 3 26 5 19 21 11 31:8234:264 1166 1246 1213 1678 244 522 1702 199
positive(p161)::40 3 5 19 51 30 11 31:9052:1259 1417 1049 516 1174 1126 1767 744
positive(p431)::33 1 17 18 38 39 45 46 22 23 31 14:8194:981 1054 418 397 1684 810 195 189 1928 252 52 234
positive(p330)::0 1 17 18 38 39 27 22 23 14:7022:317 271 374 533 962 659 590 2870 173 273
positive(p104)::43 37 17 42 18 7 8 34 12 13 14:4821:346 139 525 773 1062 406 212 820 412 18 108
positive(p465)::40 15 25 17 28 29 7 8 22 12 14:7489:8 925 1446 406 116 76 410 302 3163 432 205
positive(p147)::40 37 4 5 19 21 11 13:5042:546 422 551 964 748 62 1688 61
positive(p545)::0 15 16 42 29 38 39 27 14:8242:249 1325 1954 1582 786 962 633 620 131
positive(p363)::25 17 42 18 7 8 34 46 22 23 14:5730:928 355 505 172 306 215 659 251 2182 34 123
positive(p166)::37 5 6 30 11:5277:347 898 1238 1255 1539
positive(p274)::33 43 17 42 38 39 34 22 23 31 14:8832:625 407 408 1321 1425 761 530 2603 228 357 167
positive(p81)::33 43 25 17 42 18 7 8 45 46 12 31 14:5375:471 898 950 441 702 500 147 183 334 393 123 105 128
positive(p336)::25 17 28 7 8 22 14:5546:745 287 1203 434 222 2494 161
positive(p541)::35 15 17 42 29 38 39 23 14:7687:276 1539 391 1916 485 1398 979 602 101
positive(p655)::40 16 17 28 7 8 21 22 12 13 14:9605:231 1907 398 1174 601 295 350 3184 824 484 157
positive(p196)::40 1 37 3 19 9 10 11 13:7649:1930 710 530 1665 262 730 133 1440 249
positive(p4)::40 2 3 19 44 11:8164:1036 1638 1773 768 1495 1454
positive(p528)::16 17 28 7 8 27 10 23 13 14:6561:1811 373 1373 382 264 577 95 1118 462 106
positive(p10)::1 2 4 5 19 44 21 11 13:6783:456 162 526 1121 361 1915 329 1543 370
positive(p424)::17 42 18 7 8 21 22 23 14:5297:397 815 659 331 172 369 2436 57 61
positive(p678)::43 25 17 42 7 8 49 22 12 14:6548:479 556 430 636 197 107 73 3319 627 124
positive(p319)::36 26 19 10 13 24:3319:501 1563 545 136 568 6
positive(p488)::43 17 42 38 39 32 22 23 14:7516:96 416 1363 1113 740 106 3374 114 194
positive(p180)::37 3 4 19 32 21 11 31:4547:767 1214 397 344 3 184 1447 191
positive(p387)::35 15 16 17 42 29 38 39 32 21 22 23 14:12218:510 1210 2286 415 2077 547 1211 821 91 71 2704 95 180
positive(p243)::40 1 2 4 19 44 11 13:9049:1151 1128 523 2486 686 1424 1479 172
positive(p413)::35 25 17 42 18 7 8 27 21 22 23 14:5583:547 133 295 465 319 263 177 422 18 2543 313 88
positive(p351)::15 17 18 7 8 22 23 14:6455:1082 390 710 848 402 2367 350 306
positive(p312)::15 17 42 29 38 39 21 22 14:8590:1256 396 1997 625 1176 889 2 2091 158
positive(p366)::33 15 17 7 8 49 21 22 12 13 14:5686:166 294 476 428 135 28 57 3171 571 227 133
positive(p290)::15 25 17 42 38 39 22 23 14:9176:1430 944 333 1264 1448 716 2327 471 243
positive(p393)::43 16 17 18 7 8 32 22 14:7309:432 1996 438 726 641 268 122 2408 278
positive(p198)::2 3 4 5 19 7 44 30 11 12 31:11301:3216 1106 729 848 269 3 1817 1158 1790 56 309
positive(p41)::2 3 4 19 9 21 11 13:7062:1765 1522 1037 312 306 327 1642 151
positive(p398)::25 17 42 29 38 39 45 46 22 23 14:8237:695 322 1105 272 1562 808 204 206 2491 366 206
positive(p539)::0 15 16 17 28 18 7 8 10 23 14:10980:1568 896 2149 509 2133 1800 424 262 36 1060 143
positive(p6)::1 37 26 19 49 21 11 13:5446:953 857 714 588 39 954 1162 179
positive(p269)::33 25 19 47 21 11 13:6780:945 1589 795 1333 689 1134 295
positive(p590)::40 36 3 5 19 9 21 11:8299:1544 418 1548 1434 611 1014 163 1567
positive(p571)::37 3 4 19 44 21 11:6847:510 1441 389 570 1935 532 1470
positive(p362)::15 25 17 42 7 8 45 46 22 23 14:7293:1117 211 420 1224 433 208 181 227 3046 33 193
positive(p39)::40 36 5 19 41 21 11 31:7023:1335 709 1523 317 1126 108 1468 437
positive(p439)::15 25 17 42 29 7 8 45 46 22 12 14:8881:1298 1039 424 707 507 326 272 209 262 3362 287 188
positive(p588)::2 3 4 19 9 21 11 12 31:8403:2256 1599 1804 337 256 137 1650 27 337
positive(p365)::15 25 17 7 8 22 12 14:6673:159 1280 427 442 229 3366 568 202
positive(p668)::17 18 7 8 21 22 12 13 14:5433:302 54 468 216 563 2976 526 246 82
positive(p311)::16 17 7 8 22 23 14:6250:1291 398 619 277 3403 40 222
positive(p163)::40 37 26 29 19 51 21 11:7782:488 1022 1453 685 722 1357 638 1417
positive(p68)::40 36 5 19 21 11 31:6414:657 717 1945 529 112 1562 892
positive(p125)::40 43 2 3 42 6 11:5557:330 351 1012 1393 88 845 1538
positive(p40)::2 3 4 19 11 13:6946:2460 1350 1265 289 1534 48
positive(p5)::35 1 37 19 44 11 31:7744:1318 1559 1030 491 1659 1112 575
positive(p34)::1 2 4 5 6 56 21 11 13:6460:1000 61 977 1311 840 48 413 1667 143
positive(p540)::33 1 16 17 29 8 23 14:5106:1071 3 1935 393 898 144 559 103
positive(p148)::2 3 4 5 6 30 11 12 31:8069:1835 1010 382 557 1488 885 1718 95 99
positive(p661)::43 25 17 7 8 32 22 14:4455:253 260 345 165 55 115 3172 90
positive(p473)::1 25 17 4 29 7 8 27 22 14:6643:365 588 323 38 966 103 39 536 3565 120
positive(p611)::15 25 17 42 38 39 34 22 23 31 14:8727:911 481 368 1435 1371 802 552 2403 209 29 166
positive(p600)::37 3 5 19 9 21 11:7312:1601 1536 1796 722 429 10 1218
positive(p409)::1 25 17 29 7 8 22 12 31 14:6936:345 714 392 727 108 83 3895 538 21 113
positive(p100)::40 36 16 17 28 7 8 47 21 12 13 14:6629:8 126 1781 415 2021 488 274 330 15 558 514 99
positive(p496)::35 37 5 19 7 44 21 11 31:8101:757 1268 1508 457 6 2224 91 1339 451
positive(p32)::2 3 4 19 51 30 11 12 31:10778:3303 1198 1727 300 1161 1141 1536 46 366
positive(p237)::40 36 25 4 19 10 11 13:6758:1064 287 422 2613 818 79 1183 292
positive(p494)::35 43 2 6 9 30 11 31:7297:1236 99 1954 786 20 1129 1078 995
positive(p459)::0 1 17 7 8 27 22 23 14:6525:1228 1137 386 132 143 435 2533 343 188
positive(p307)::15 17 42 29 7 8 45 46 22 23 14:6010:771 418 922 320 127 116 211 203 2527 233 162
positive(p348)::1 17 38 39 22 23 14:6928:1107 422 1528 909 2516 214 232
positive(p484)::25 17 42 29 38 39 22 12 31 14:8149:459 421 957 703 1195 726 3136 383 41 128
positive(p681)::35 16 17 7 8 34 21 22 14:6822:532 1894 288 226 65 683 413 2657 64
positive(p332)::0 15 17 4 18 38 39 22 23 14:8232:1042 1893 416 86 78 701 590 2486 735 205
positive(p405)::0 1 17 18 38 39 27 22 23 14:7168:1026 699 385 572 866 635 543 1914 222 306
positive(p187)::2 4 5 19 7 10 11 12 31:6839:2973 608 630 350 16 21 1795 118 328
positive(p374)::15 17 42 18 7 8 22 23 14:5800:840 427 799 366 277 190 2735 60 106
positive(p638)::43 16 17 4 29 7 8 32 21 22 14:7827:595 2166 360 21 819 147 25 112 211 3271 100
positive(p261)::0 15 17 18 7 8 22 23 13 14:5987:1222 315 380 936 488 216 1796 309 67 258
positive(p448)::15 25 17 18 7 8 45 46 22 23 14:6752:1056 470 378 634 635 336 231 228 2211 300 273
positive(p201)::36 37 4 5 6 30 11 31:6322:1187 255 551 774 862 863 1479 351
positive(p657)::1 17 7 8 22 12 13 14:6014:640 452 413 190 3278 785 15 241
positive(p79)::35 15 17 28 29 38 39 34 12 14:5791:849 488 488 492 345 1297 867 699 176 90
positive(p495)::35 1 2 6 9 30 11 31:7457:876 714 1977 1190 59 848 1002 791
positive(p43)::29 19 44 30 11 31:6976:691 396 2153 1481 1433 822
positive(p134)::37 3 4 19 9 10 11 12 31:5258:733 1525 257 287 541 191 1584 47 93
positive(p556)::33 36 3 5 19 9 30 11 31:8137:115 1489 1292 1729 405 186 607 1418 896
positive(p560)::40 37 3 5 6 30 11:6078:235 321 1076 1162 658 1064 1562
positive(p251)::2 3 4 5 19 11 12 31:8129:3184 1322 592 634 292 1773 75 257
positive(p651)::33 1 16 17 42 18 7 8 27 22 23 14:8841:862 687 2223 428 949 138 75 167 405 2651 91 165
positive(p372)::43 25 17 42 7 8 22 14:5796:379 81 392 868 425 204 3259 188
positive(p520)::33 25 3 26 19 51 21 11 13:8506:335 1643 1380 460 570 1241 1114 1602 161
positive(p193)::33 36 37 26 5 19 51 21 11 31 14:10444:95 1167 1465 1341 2485 637 1087 569 1241 350 7
positive(p434)::16 17 28 18 7 8 32 21 22 23 14:8897:2124 429 1402 1020 432 199 198 454 2426 106 107
positive(p347)::0 15 16 17 7 8 22 23 14:7706:209 1215 2057 424 544 208 2741 137 171
positive(p568)::40 1 6 51 30 11 31:7612:884 1105 1201 1279 919 1447 777
positive(p644)::33 1 17 7 8 32 22 23 14:5625:492 528 349 146 147 123 2990 650 200
positive(p380)::0 17 18 7 8 27 22 23 13 24:5744:1156 345 1076 700 276 401 1202 262 142 184
positive(p427)::40 15 16 17 28 7 8 21 22 23 13 14:8890:76 1165 1830 450 882 634 286 4 2842 323 209 189
positive(p158)::33 3 4 5 6 56 11 12 31:6336:222 1143 456 568 2021 13 1835 70 8
positive(p475)::35 25 17 29 7 8 21 22 14:5152:354 782 260 832 89 25 54 2729 27
positive(p438)::25 17 4 29 7 8 45 46 22 23 24:4803:13 278 122 230 499 286 201 210 2568 341 55
positive(p663)::15 16 17 42 18 7 8 21 22 23 13 14:10534:1573 1835 478 1027 818 615 314 147 2964 474 108 181
positive(p518)::36 37 3 26 5 19 9 21 11:8986:396 1812 1128 735 1905 738 805 138 1329
positive(p103)::35 16 17 29 7 8 47 21 12 31 14:6370:276 1982 382 1093 58 53 1615 145 511 164 91
positive(p53)::25 26 5 19 44 21 11 13:12002:1679 2054 2431 712 1942 1214 1563 407
positive(p454)::0 16 17 18 7 8 22 23 13 14:8380:297 2016 393 1772 699 322 2437 153 141 150
positive(p335)::0 15 16 17 18 7 8 22 23 14:8165:1674 371 1908 400 949 382 222 1940 121 198
positive(p342)::33 1 17 42 29 7 8 32 22 31 14:6222:194 460 412 1115 205 72 130 97 3388 20 129
positive(p98)::0 16 17 18 7 8 10 23 13 24:7340:1293 1874 408 1628 607 295 62 861 43 269
positive(p483)::35 29 7 8 21 22 12 14:5857:358 551 403 166 117 3646 481 135
positive(p129)::2 5 19 11 31:6529:2232 1836 333 1688 440
positive(p178)::40 43 37 29 6 21 11 31:4846:393 125 144 427 1234 507 1425 591
positive(p111)::0 17 26 18 7 8 12 13 14:5275:415 536 1156 1958 410 218 300 116 166
positive(p659)::35 16 17 42 7 8 21 22 23 14:7110:598 1834 297 759 188 116 410 2639 191 78
positive(p426)::15 16 17 42 18 7 8 21 22 23 14:8479:1030 2194 468 941 184 288 127 278 2679 170 120
positive(p658)::15 16 17 4 29 7 8 32 22 23 14:8538:1497 1568 401 785 149 217 168 59 3128 446 120
positive(p561)::40 2 3 5 6 41 30 11 31:9813:213 1768 1030 1341 1037 1010 1036 1698 680
positive(p143)::36 37 3 19 41 30 11 12 31:7255:1470 703 1274 254 1051 856 1233 179 235
positive(p554)::1 2 3 5 19 44 21 11 31:9337:9 1242 1429 1986 384 1510 488 1848 441
positive(p7)::2 5 19 30 11:7940:2226 2325 727 1470 1192
positive(p268)::0 1 17 28 18 7 8 22 23 14:6775:904 93 441 165 1112 407 241 2703 504 205
positive(p593)::40 36 19 31 53:4161:1279 1092 506 101 1183
positive(p238)::35 37 4 5 19 21 11 31:4193:116 838 550 545 365 80 1570 129
positive(p428)::0 17 42 18 7 8 22 23 14:6049:915 388 912 602 223 200 2610 145 54
positive(p59)::1 2 26 19 51 30 13 24:5569:150 1724 227 534 1414 1267 125 128
positive(p233)::2 3 5 19 51 30 11 12:10120:2778 1318 1753 597 1099 1138 1432 5
positive(p629)::0 43 16 17 28 18 7 8 22 23 14:9658:1529 873 2387 413 603 780 254 174 2239 196 210
positive(p564)::40 37 19 47 30 11 13:5219:852 169 582 957 1179 1240 240
positive(p204)::43 4 18 6 11 13:6055:286 2628 56 1402 1578 105
positive(p458)::0 25 17 28 18 38 39 22 23 31 14:7749:600 255 351 1131 584 1457 615 1961 393 234 168
positive(p285)::43 25 17 5 7 8 22 12 31 14:7345:1256 266 451 359 258 136 3915 475 110 119
positive(p376)::35 16 17 28 18 38 39 22 23 14:7412:143 1551 288 730 472 1191 586 1841 382 228
positive(p3)::36 37 26 5 6 47 30 11 31:7464:667 853 621 2029 612 366 760 1122 434
positive(p613)::35 16 17 7 8 21 22 12 14:7736:681 1955 347 249 96 364 3214 754 76
positive(p218)::2 3 4 5 19 11 12 31:8093:3202 1344 574 618 292 1760 74 229
positive(p47)::33 25 3 26 5 6 30 11 13:7332:35 674 953 1072 1061 1188 592 1538 219
positive(p662)::0 1 25 17 28 18 7 8 22 23 14:7411:1148 541 32 451 1075 603 244 168 2785 185 179
positive(p226)::40 1 19 9 10 11 13:6389:2130 1249 554 642 62 1449 303
positive(p19)::35 4 19 30 11:6454:869 2988 732 752 1113
positive(p169)::1 2 5 19 47 30 11 13:8574:479 1854 1446 567 880 1453 1672 223
positive(p485)::0 15 17 4 18 7 8 49 21 22 23 24:7380:1725 891 445 138 245 332 173 66 221 2640 272 232
positive(p293)::25 17 28 7 8 22 12 14:6875:932 394 898 339 200 3434 588 90
positive(p578)::40 1 4 18 19 9 21 11 31:7800:1721 423 1996 78 379 676 321 1912 294
positive(p574)::33 43 25 3 4 5 6 11 13:6947:263 295 90 1147 991 552 1582 1745 282
positive(p519)::40 36 3 4 6 11 31:7663:494 761 1167 1744 1303 1669 525
positive(p329)::0 15 17 18 38 39 21 22 23 24:8178:1090 722 412 831 1561 701 492 1565 626 178
positive(p284)::35 15 16 17 42 29 7 8 47 21 22 12 14:9990:409 875 1701 376 926 210 185 138 632 500 3317 586 135
positive(p530)::33 43 16 17 29 7 8 47 12 31 14:6291:462 1716 1737 375 89 141 151 953 494 39 134
positive(p601)::0 36 3 26 5 6 21 11 31:10770:716 573 1178 867 2060 1974 775 1822 805
positive(p364)::35 16 17 28 18 38 39 34 21 22 23 24:9571:523 2072 341 1069 442 1014 551 619 773 1793 236 138
positive(p94)::33 15 17 28 29 38 39 9 23 14:7295:807 1210 451 394 369 1580 936 172 1212 164
positive(p214)::40 2 3 4 5 19 21 11 31:8532:843 2424 1398 586 551 436 77 1900 317
positive(p259)::35 25 17 28 7 8 27 22 23 14:6473:717 766 313 469 275 154 469 2997 154 159
positive(p338)::0 15 16 17 42 18 38 39 27 22 23 14:12307:871 1551 1825 400 1582 284 966 643 505 2626 778 276
positive(p292)::16 17 42 18 7 8 21 22 12 14:7559:1839 392 436 270 246 186 244 3294 529 123
positive(p412)::1 17 4 29 7 8 22 12 14:7296:884 494 126 810 260 127 3958 517 120
positive(p107)::0 15 16 17 18 7 8 34 23 24:8137:1140 802 1492 478 1644 352 193 772 831 433
positive(p116)::40 15 17 28 18 7 8 47 21 12 14:6614:275 751 513 1166 1423 355 267 1296 160 285 123
positive(p534)::33 25 17 42 18 7 8 45 46 23 14:4602:157 638 375 928 897 62 187 330 304 672 52
positive(p686)::43 17 28 18 38 39 22 23 14:5797:612 313 501 7 1295 815 1964 73 217
positive(p396)::0 15 16 17 18 7 8 20 22 23 14:10459:859 1875 1868 432 435 523 275 4 3306 712 170
positive(p37)::40 15 37 3 26 5 19 41 30 11:9482:541 146 1044 1222 662 1660 679 1063 906 1559
positive(p442)::33 1 25 17 7 8 45 46 22 12 31 14:7335:457 839 779 429 160 211 238 238 3460 291 82 151
positive(p384)::33 1 17 38 39 45 46 22 23 14:7829:982 313 377 1201 769 194 182 2754 790 267
positive(p205)::25 4 5 19 44 21 11 12:6002:11 75 864 285 2016 757 1862 132
positive(p245)::35 37 19 7 21 11 31:4331:170 1371 587 110 75 1342 676
positive(p222)::2 3 4 19 56 11 13:8063:2358 1363 2399 365 25 1499 54
positive(p247)::2 5 19 41 30 11:8229:2746 1232 284 996 1282 1689
positive(p592)::40 36 2 29 19 9 30 11:6978:911 776 1532 408 671 851 662 1167
positive(p546)::33 43 17 18 38 39 20 23 31 24:5871:1459 154 404 287 1240 790 4 826 434 273
positive(p492)::40 36 2 5 19 11:6011:540 567 607 2003 833 1461
positive(p352)::25 17 42 38 39 45 46 22 23 31 14:7861:1216 309 1168 1644 745 200 225 1983 164 39 168
positive(p250)::3 19 51 21 11 31:5312:1470 236 1382 78 1584 562
positive(p123)::40 43 3 5 6 32 21 11:6359:202 250 1357 1413 1095 14 332 1696
positive(p684)::0 16 17 28 18 38 39 21 22 23 14:9530:685 2060 383 756 978 1287 550 119 2109 439 164
positive(p165)::33 43 2 4 5 6 47 21 11 13:5603:167 397 315 1012 1008 839 114 50 1579 122
positive(p586)::25 4 18 19 11 13:5423:653 2282 43 411 1414 620
positive(p557)::1 2 19 44 21 11:4084:543 68 458 1175 415 1425
positive(p567)::40 37 3 26 29 19 44 30 11:8041:652 693 1252 164 499 398 2053 881 1449
positive(p240)::37 3 26 29 19 51 21 11 31:7770:954 1412 910 391 210 1331 907 1581 74
positive(p84)::0 2 17 26 18 7 8 20 23 13 14:7512:504 1229 462 798 1878 541 244 58 1369 209 220
positive(p447)::35 25 17 42 18 7 8 21 22 14:4039:145 483 311 485 15 95 75 175 2218 37
positive(p296)::0 1 17 28 18 7 8 45 46 22 12 13 14:7437:585 169 495 518 758 520 274 179 215 2952 225 292 255
positive(p580)::1 37 3 5 19 49 21 11 13:7067:733 486 1522 1496 378 26 626 1776 24
positive(p71)::0 43 17 18 7 8 56 10 23 24:5343:1307 147 435 1628 574 264 1 92 747 148
positive(p422)::15 17 42 29 7 8 21 22 14:5295:301 324 1315 54 50 43 504 2618 86
positive(p389)::43 25 17 28 18 7 8 27 22 23 14:7002:395 109 430 1695 412 585 243 499 2325 64 245
positive(p99)::35 17 28 18 38 39 47 21 23 13 14:6261:391 386 1842 796 814 579 131 380 660 84 198
positive(p407)::43 25 17 28 29 38 39 34 22 12 14:7050:270 326 412 1 163 962 620 567 3216 336 177
positive(p652)::35 17 29 7 8 47 22 12 14:7520:750 289 766 348 147 658 3726 679 157
positive(p360)::0 1 25 17 42 18 7 8 45 46 22 23 14:7725:1319 109 335 376 579 329 284 283 240 229 2931 483 228
positive(p31)::43 2 3 19 21 11:5829:115 1962 1831 393 185 1343
positive(p341)::33 1 17 26 18 7 8 21 22 23 14:5723:286 410 436 48 789 354 139 65 2492 496 208
positive(p526)::33 15 17 42 18 7 8 23 14:6741:671 1432 553 1545 1250 211 134 892 53
positive(p128)::40 37 3 5 19 21 11 13:5920:696 137 1324 1361 485 137 1695 85
positive(p575)::3 4 5 6 30 11 31:6615:1014 808 314 1471 854 1713 441
positive(p2)::33 2 3 4 5 6 30 11 31:8513:47 2096 916 431 546 1295 1046 1844 292
positive(p400)::0 15 17 18 7 8 22 23 14:6116:1036 719 403 764 365 181 2406 89 153
positive(p28)::2 3 4 19 10 11 13:8197:2379 1385 2411 365 149 1473 35
positive(p90)::15 17 42 29 7 8 23 14:5432:2074 376 1121 163 254 214 1092 138
positive(p309)::15 16 17 42 18 7 8 34 22 23:9009:854 2396 402 1098 212 491 241 660 2460 195
positive(p74)::33 17 26 18 7 8 49 21 23 24:5073:194 468 495 1766 259 149 45 241 949 507
positive(p185)::1 37 3 5 6 11 31:6498:731 481 1020 903 1441 1706 216
positive(p172)::36 2 4 19 7 9 10 11 31:9555:1897 2309 2144 726 40 747 81 937 674
positive(p464)::25 28 7 8 45 46 22 12 14:6008:1458 129 343 305 240 211 2820 346 156
positive(p544)::0 17 28 18 7 8 23 14:7495:1022 533 2253 2124 374 228 811 150
positive(p522)::1 37 3 5 6 56 11 13:7476:982 405 1265 1526 1494 27 1735 42
positive(p435)::33 15 17 18 7 8 22 23 13 14:5338:488 453 440 995 568 180 2068 2 10 134
positive(p92)::0 43 16 17 42 18 7 8 9 23 14:8144:1539 717 2139 507 984 1014 131 114 84 819 96
positive(p482)::1 16 17 29 38 39 34 22 12 14:9076:238 1778 469 203 476 552 753 3653 721 233
positive(p371)::0 15 17 18 38 39 21 22 23 14:6980:755 681 386 980 1036 606 49 1788 475 224
positive(p594)::0 1 25 26 29 19 44 21 23 13:9059:87 11 1256 2056 1194 544 2249 920 225 517
positive(p126)::1 2 3 4 5 19 51 30 11 13:9628:315 2216 1104 979 759 361 1002 1072 1763 57
positive(p673)::16 17 28 7 8 32 22 23 13 14:7400:1985 381 658 532 259 125 2562 341 431 126
positive(p316)::36 16 17 18 7 8 49 23 13 24:6723:998 1576 411 1639 699 299 13 646 75 367
positive(p377)::0 43 17 4 29 7 8 20 22 23 31 14:6539:728 622 380 450 482 182 125 4 3259 25 180 102
positive(p13)::33 1 4 6 21 11 13:7565:61 1491 2098 1354 703 1632 226
positive(p595)::33 25 26 19 21 11 13:6584:714 2258 549 712 983 1182 186
positive(p453)::0 1 17 7 8 47 21 22 14:5467:713 883 349 221 127 88 133 2765 188
positive(p690)::0 1 17 7 8 22 23 14:6674:1745 546 377 220 131 2979 462 214
positive(p505)::0 1 37 6 9 21 11:5622:106 1036 541 1363 271 856 1449
positive(p239)::1 2 4 19 11:5021:648 1361 1169 511 1332
positive(p115)::35 15 17 42 29 38 39 12 14:6890:291 1106 454 1465 1080 1243 888 218 145
positive(p591)::1 2 3 26 5 19 41 21 11 31:8875:34 1322 1433 57 1783 366 1026 573 1942 339
positive(p310)::0 1 25 17 42 29 38 39 22 23 14:9552:688 388 502 350 1189 246 1432 842 3135 531 249
positive(p410)::35 16 42 29 7 8 47 21 22 12 14:8359:587 2044 711 106 108 58 326 677 3023 644 75
positive(p144)::35 37 4 19 44 21 11 31:6133:316 856 664 345 2267 127 1376 182
positive(p450)::1 16 17 7 8 21 22 14:7133:555 2309 371 146 37 322 3290 103
positive(p15)::33 43 2 3 4 6 21 11 13:7545:454 325 740 1185 2074 1187 0 1559 21
positive(p649)::17 26 18 7 8 34 22 23 13 14:5598:345 534 806 553 259 666 1838 148 222 227
positive(p55)::1 2 4 19 41 30 11 13:9163:622 1670 2265 516 982 1430 1418 260
positive(p209)::2 3 5 19 21 11 12 31:8984:2489 1589 1574 561 208 1845 105 613
positive(p345)::15 16 17 18 7 8 34 22 14:8184:450 2245 436 1010 538 225 575 2553 152
positive(p132)::35 37 19 7 9 21 11 31:4703:180 1498 579 100 351 51 1297 647
positive(p381)::33 1 17 42 18 7 8 27 22 23 14:6655:732 336 427 1084 340 265 193 443 2577 72 186
positive(p175)::35 37 19 7 47 30 11 23 31:5874:1580 939 497 58 88 1248 1037 164 263
positive(p542)::33 1 16 17 29 8 27 23 14:5669:1006 18 1932 394 894 135 575 615 100
positive(p192)::36 2 19 30 11 31:6152:768 1833 696 1072 915 868
positive(p271)::36 19 53:3093:1474 438 1181
positive(p408)::35 16 17 18 38 39 21 22 12 14:8139:1176 1617 323 321 624 430 310 2633 513 192
positive(p461)::15 17 42 38 39 22 23 14:8433:1736 414 1088 1249 674 2525 526 221
positive(p124)::33 1 2 4 6 21 11 13:6589:273 785 375 2238 1240 23 1629 26
positive(p139)::43 37 3 4 5 6 44 21 11:7605:239 330 942 973 819 928 1794 64 1516
positive(p631)::15 16 17 42 7 8 21 22 23 13 14:9517:1519 1691 407 1222 541 231 158 3415 134 20 179
positive(p52)::40 36 37 26 19 47 21 11:5659:587 195 858 567 1014 1342 151 945
positive(p221)::33 43 6 21 11:4502:445 502 1813 393 1349
positive(p113)::16 17 28 18 7 8 23 14:8393:1883 500 2973 1608 500 231 557 141
positive(p266)::35 25 17 42 5 38 39 21 22 23 31 14:8376:967 764 313 1103 33 1505 821 37 2526 124 66 117
positive(p499)::40 36 37 3 19 9 21 11:7205:997 241 913 1462 786 1266 270 1270
positive(p273)::1 25 17 42 38 39 49 22 23 31 14:7642:29 408 367 1095 1384 827 63 3042 116 119 192
positive(p343)::15 16 17 7 8 27 22 14:7023:474 1982 393 560 226 488 2667 233
positive(p257)::43 17 42 18 7 8 21 22 14:5905:620 393 1078 297 370 121 388 2511 127
positive(p183)::1 25 6 21 11 31:5425:963 80 2112 353 1807 110
positive(p106)::33 43 25 42 29 7 8 12 31 14:5030:479 1099 1319 784 741 123 167 106 105 107
positive(p301)::33 15 17 4 29 7 8 45 46 22 12 14:6500:1 1010 422 369 656 150 161 237 215 3143 1 135
positive(p680)::15 25 17 7 8 22 23 14:5593:1447 122 330 267 150 2801 353 123
positive(p524)::35 43 7 8 47 21 12 31 14:4775:719 716 193 135 2287 153 399 75 98
positive(p241)::35 37 4 18 19 9 11:5275:1035 1064 1374 244 220 436 902
positive(p231)::40 1 3 4 5 19 41 21 11 31:8109:1276 413 1495 386 418 384 1012 402 2143 180
positive(p154)::40 37 3 4 5 19 9 21 11:8154:1089 590 1498 561 926 692 842 272 1684
positive(p327)::0 15 25 17 28 29 38 39 22 23 31 14:8267:483 1096 619 394 45 12 1549 907 2359 346 273 184
positive(p206)::2 3 4 5 6 30 11 31:8721:2397 882 440 616 1272 1153 1809 152
positive(p513)::36 37 4 6 9 21 11 31:6527:1228 155 1567 1059 633 298 957 630
positive(p295)::35 25 17 42 29 7 8 45 46 22 12 14:7332:401 1480 293 588 212 202 175 209 234 2982 423 133
positive(p151)::33 36 3 26 29 6 41 30 11:7316:328 119 1079 348 617 1454 1323 691 1357
positive(p157)::40 1 37 4 18 6 51 30 11 12 31:8334:1079 815 12 1073 81 1471 1193 901 1537 47 125
positive(p164)::25 26 19 56 30 11 13:6061:1291 1564 483 65 877 1124 657
positive(p168)::0 36 25 26 5 6 41 21 11 31:11401:550 630 724 1409 2309 1623 1050 1225 1458 423
positive(p536)::0 15 17 18 38 39 45 46 23 31 14:7737:898 1502 366 1116 1022 589 313 260 1225 211 235
positive(p207)::33 36 6 31 53:5042:482 1274 1815 323 1148
positive(p189)::0 37 3 26 5 6 9 21 11:10134:519 1064 1403 1204 2247 973 318 829 1577
positive(p512)::1 5 6 11 31:5856:690 1259 1875 1734 298
positive(p325)::0 15 17 42 18 7 8 21 22 23 14:8210:1698 684 454 1356 1018 199 186 11 2325 192 87
positive(p146)::2 3 5 19 7 41 30 11 12 31:11488:3366 1261 1241 532 27 967 1419 1758 161 756
positive(p503)::33 36 29 6 11 31:6521:921 1020 495 2157 1253 675
positive(p227)::35 1 4 18 19 21 11 31:6492:876 895 1996 159 453 149 1596 368
positive(p217)::2 3 19 41 30 11 31:8283:2211 1324 339 1204 1098 1514 593
positive(p195)::1 2 3 19 10 11 12 13:5673:290 1815 1724 308 104 1207 137 88
positive(p203)::40 37 3 5 19 9 21 11 31:9122:836 1203 1604 1746 658 653 254 1542 626
positive(p299)::15 16 17 29 7 8 32 21 22 12 14:8684:436 2250 438 876 132 34 8 323 3676 426 85
positive(p670)::33 15 17 42 18 38 39 45 46 22 23 31 14:9626:1138 750 423 1858 108 1902 830 170 185 1722 354 5 181
positive(p615)::1 17 42 18 7 8 22 23 14:5420:160 399 664 110 170 183 3133 448 153
positive(p538)::0 17 26 18 7 8 23 13 14:6025:1232 371 1175 1541 334 203 901 28 240
positive(p527)::33 15 16 17 42 18 7 8 34 23 14:8392:492 1168 1985 510 1459 1006 33 122 730 837 50
positive(p80)::43 16 17 42 18 7 8 9 21 23 14:5183:613 2189 432 735 532 62 32 109 18 388 73
positive(p390)::17 7 8 49 21 22 23 24:4319:354 428 188 48 81 2834 134 252
positive(p555)::43 3 4 6 51 30 11 31:7312:65 1031 495 1818 1253 851 1501 298
positive(p176)::40 5 19 44 21 11 13:7755:1489 1825 535 2111 341 1227 227
positive(p619)::1 17 7 8 49 22 12 14:6225:411 483 491 217 16 3604 826 177
positive(p95)::0 15 17 4 29 38 39 23 14:7201:654 1921 435 238 772 1190 900 995 96
positive(p230)::35 19 41 21 11 31:4348:680 348 1266 39 1388 627
positive(p510)::1 37 4 19 44 21 11 13:6775:774 875 762 272 2191 264 1327 310
positive(p281)::35 16 17 29 38 39 22 23 14:7022:295 1663 273 141 1421 926 2092 21 190
positive(p532)::40 36 17 26 18 7 8 32 23 14:4897:39 230 373 315 1766 439 289 264 1010 172
positive(p404)::35 16 17 42 18 7 8 21 22 23 24:7088:172 1684 317 685 421 351 195 849 2283 23 108
positive(p523)::40 1 37 5 19 21 11 31:6508:487 354 859 1802 426 379 1724 477
positive(p229)::36 37 4 19 11:6024:720 650 2693 780 1181
positive(p101)::0 15 16 17 28 38 39 9 10 23 14:8982:743 1359 1903 479 1118 996 740 164 168 1142 170
positive(p291)::36 16 17 18 7 8 49 21 22 13 24:8379:158 2221 406 1126 873 314 18 526 2429 110 198
positive(p614)::43 16 17 28 29 7 8 22 12 13 14:9246:1008 2577 467 1002 107 303 109 2743 666 72 192
positive(p445)::35 25 17 42 38 39 46 22 23 14:7473:140 953 284 1047 1438 673 224 2116 395 203
positive(p367)::25 17 28 7 8 32 22 23 14:5842:96 407 511 408 260 141 3537 270 212
positive(p653)::35 36 16 17 42 18 7 8 27 21 22 23 13 24:10117:413 432 2187 351 976 630 616 248 438 772 2434 339 272 9
positive(p54)::25 29 19 44 21 11 13:7615:1057 1190 671 2176 1067 1164 290
positive(p228)::35 43 37 6 51 31:7019:492 508 2249 1689 1645 436
positive(p392)::33 1 16 17 18 7 8 27 22 14:7769:589 835 1934 407 643 235 191 374 2342 219
positive(p666)::0 17 38 39 49 22 23 31 14:6969:751 346 1508 719 29 2775 412 321 108
positive(p689)::35 25 17 7 8 32 22 14:5536:978 777 285 243 95 200 2879 79
positive(p155)::2 4 19 41 30 11 12:9030:2414 2017 584 1039 1455 1434 87
positive(p252)::2 3 19 30 11:5148:1126 1191 483 959 1389
positive(p276)::1 16 17 42 18 7 8 21 22 14:7407:13 2294 406 758 72 135 73 311 3209 136
positive(p500)::1 37 5 19 9 21 11 31:6099:218 1674 1491 401 191 107 1445 572
positive(p672)::43 16 17 7 8 21 22 23 14:6727:472 1875 415 319 111 67 3343 13 112
positive(p476)::15 16 17 7 8 20 21 22 23 14:8427:1149 2252 443 513 193 4 184 3370 200 119
positive(p159)::40 2 19 30 11:6492:463 2836 728 1340 1125
positive(p272)::0 15 17 18 7 8 22 23 14:6659:1075 604 441 1261 661 228 2104 125 160
positive(p45)::2 3 4 19 9 21 11 12 31:6412:1888 1612 430 106 202 303 1617 230 24
positive(p679)::43 25 17 4 29 7 8 45 46 22 23 14:6351:24 1133 266 3 833 255 151 226 212 2970 108 170
positive(p674)::0 15 17 38 39 22 23 14:6956:707 809 342 1515 983 1990 399 211
positive(p114)::0 36 16 17 28 18 7 8 34 12 13 14:9088:178 350 1922 489 2276 1598 497 353 657 111 510 147
positive(p25)::33 1 6 21 11 13:6100:586 1318 2021 425 1702 48
positive(p212)::40 1 2 19 20 11 13:5985:1997 1657 330 415 1 1199 386
positive(p109)::33 15 17 28 18 38 39 23 13 14:7622:568 928 419 890 893 1499 802 1376 72 175
positive(p321)::35 37 29 19 44 23 31:8403:1236 2420 324 819 2705 222 677
positive(p170)::37 26 19 20 21 13:6330:2215 2589 647 77 396 406
positive(p33)::2 3 4 5 19 11 13:7455:2422 1266 1170 594 334 1630 39
positive(p110)::35 36 16 42 18 7 8 21 12 13 14:7152:1376 683 1984 695 952 317 189 192 273 416 75
positive(p137)::33 36 5 19 21 11 12 31:5909:459 1147 1877 243 286 1445 56 396
positive(p331)::35 25 17 28 18 22 23:5329:608 1645 263 1188 292 1321 12
positive(p223)::35 43 37 4 6 21 11 13:6114:538 876 345 2429 686 30 1125 85
positive(p29)::2 4 19 56 30 11 12 31:8845:3359 1935 284 11 1347 1536 26 347
positive(p288)::16 17 7 8 22 12 14:6915:1920 386 340 179 3392 617 81
positive(p56)::40 43 19 44 21 11 13:7137:1950 237 255 2407 473 1386 429
positive(p606)::0 15 17 18 38 39 34 22 23 14:7204:349 1155 378 839 570 507 674 1932 542 258
positive(p618)::0 43 25 17 42 38 39 45 46 22 12 31 14:9909:957 651 864 458 1169 1133 530 234 235 2974 151 336 217
positive(p49)::2 28 19 10 31:6490:3574 776 801 290 1049
positive(p676)::15 16 17 7 8 32 22 23 14:6964:1080 1710 405 259 194 102 2687 389 138
positive(p478)::33 15 17 18 38 39 27 22 23 24:6782:753 528 385 225 1577 802 525 1384 602 1
positive(p64)::36 37 4 6 11 31:5665:795 276 1943 1016 1279 356
positive(p414)::33 15 25 17 18 7 8 27 22 24:4950:249 333 632 360 427 411 241 408 1697 192
positive(p385)::43 17 42 7 8 34 21 22 14:6401:361 364 1260 299 94 651 187 3060 125
positive(p610)::33 1 17 18 7 8 22 14:4815:179 278 364 556 476 256 2456 250
positive(p323)::0 36 26 29 6 41 21 31:9730:313 1640 1816 1618 1903 1323 318 799
positive(p452)::33 15 17 4 29 7 8 22 23 14:6626:782 879 424 959 467 106 71 2701 177 60
positive(p235)::33 2 3 4 5 6 10 11 12 31:8556:48 2438 1143 455 562 1394 81 1729 233 473
positive(p463)::35 25 17 26 18 7 8 21 22 14:4818:622 482 282 66 517 297 109 106 2249 88
positive(p425)::0 15 17 42 18 7 8 21 22 23:8144:1775 957 471 1457 605 316 156 243 1935 229
positive(p605)::25 17 28 18 7 8 23 14:7036:1478 363 2638 1161 245 192 846 113
positive(p304)::17 42 7 8 47 21 22 14:4658:306 412 223 174 114 12 3239 178
positive(p607)::35 36 4 18 19 9 31:7302:115 1941 1959 565 804 1537 381
positive(p220)::43 3 4 5 6 9 21 11 13:6314:336 1183 972 245 1426 71 195 1615 271
positive(p597)::33 1 37 3 26 5 6 9 21 11:9619:154 746 829 1384 558 1824 1339 195 897 1693
positive(p297)::33 43 17 4 29 7 8 45 46 22 12 14:7288:536 1109 435 2 915 116 119 204 216 3269 247 120
positive(p22)::40 36 26 19 9 21 11 31:5951:1806 283 368 583 1130 26 1108 647
positive(p421)::0 15 16 17 28 18 7 8 27 21 22 23 13 14:11470:973 712 2715 490 1143 1199 555 238 427 12 2479 353 8 166
positive(p326)::0 15 16 17 38 39 22 23 14:8113:152 1325 1168 338 1136 784 2572 440 198
positive(p200)::3 4 5 19 51 21 11:5911:1155 814 161 308 1177 519 1777
positive(p451)::0 1 17 38 39 27 22 23 14:9550:1715 891 391 1628 856 509 2648 692 220
positive(p138)::2 3 19 49 21 11 12 31:7630:2761 1788 603 20 51 1466 79 862
positive(p537)::15 25 17 18 7 8 45 46 23 14:5346:1951 310 362 217 393 274 331 301 1050 157
positive(p213)::2 3 4 5 19 11 13:7596:2403 1288 1161 679 330 1685 50
positive(p665)::0 15 17 42 18 38 39 22 23 31 24:9804:1077 1105 420 1566 315 1477 694 2383 370 238 159
positive(p643)::0 17 18 38 39 32 21 22 23 14:6021:353 355 949 1000 503 207 196 1744 503 211
positive(p632)::40 25 17 28 7 8 22 12 13 14:7542:237 693 376 1167 534 310 3125 581 321 198
positive(p506)::2 3 4 5 19 9 21 11 12 31:8155:2457 1508 489 751 308 259 289 1889 10 195
positive(p559)::36 4 5 19 51 30 11 31:6544:1319 590 834 553 984 770 1387 107
positive(p232)::33 1 5 6 51 21 11:7470:155 672 1936 1305 1227 547 1628
positive(p406)::33 1 25 17 7 8 45 46 22 23:5343:352 59 209 353 318 256 261 214 2945 376
positive(p318)::26 5 19 23 13 53:4813:1912 491 420 339 661 990
positive(p184)::33 2 3 4 5 6 9 21 11 12 31:8451:153 1628 1326 438 704 1447 80 264 1852 129 430
positive(p612)::1 17 26 18 38 39 47 22 12 14:6964:722 381 151 78 870 586 425 2781 663 307
positive(p585)::40 43 4 5 6 56 11:5682:1342 330 287 418 1593 106 1606
positive(p486)::33 43 25 17 4 29 38 39 45 46 22 12 31 14:10052:477 893 883 432 129 1178 1139 675 231 218 3121 107 392 177
positive(p279)::43 25 17 28 18 38 39 45 46 22 23 31 14:8461:585 1027 397 923 47 1400 670 225 198 2324 192 201 272
positive(p21)::40 37 3 5 19 9 21 11 31:8197:836 891 1611 1611 370 520 360 1590 408
positive(p171)::40 26 6 21 11 13:5865:1413 1591 953 577 1209 122
positive(p402)::0 16 17 28 7 8 21 22 23 14:6474:519 2325 360 295 233 141 81 2339 124 57
positive(p635)::40 36 16 17 28 18 7 8 21 22 12 13 14:11889:140 224 2129 473 1936 1252 697 377 395 2983 572 550 161
positive(p177)::40 43 2 4 19 11 13:7229:1109 586 1048 2364 543 1332 247
positive(p328)::33 1 16 17 18 7 8 27 22 23 24:6922:635 179 1783 399 597 406 232 440 2179 38 34
positive(p199)::40 37 26 5 19 21 11 13:8593:1064 1046 2008 1612 554 608 1538 163
positive(p471)::25 17 18 7 8 34 22 23 14:5771:1104 274 424 361 183 595 2414 173 243
positive(p577)::36 37 3 4 5 19 9 21 11 31:9153:1851 827 1264 414 1070 519 809 429 1629 341
positive(p267)::15 25 17 42 38 39 22 23 31 14:9008:894 1205 353 1470 1643 808 2233 187 11 204
positive(p493)::33 2 3 28 5 19 49 21 11 31:9549:229 2856 1547 362 1674 321 19 243 1726 572
positive(p131)::1 2 4 19 56 11 13:6866:276 2029 2492 421 25 1560 63
positive(p339)::0 1 17 28 18 38 39 32 22 23 14:7406:858 248 438 36 745 954 609 183 2443 637 255
positive(p583)::33 1 25 19 21 11 13:6971:645 1244 1844 498 1045 1349 346
positive(p490)::17 28 18 7 8 22 13 14:5992:356 1354 862 526 282 2468 16 128
positive(p573)::36 25 26 19 51 21 11 13:6391:97 794 1804 378 1243 534 1258 283
positive(p194)::2 3 4 19 44 11 12 31:8492:1782 1353 1557 458 1598 1370 80 294
positive(p141)::1 3 6 41 30 11:8032:1100 1476 1607 1253 1022 1574
positive(p417)::35 25 17 28 29 38 39 34 21 22 23 31 14:9216:1405 1258 287 791 3 1346 864 629 64 2256 93 83 137
positive(p477)::25 17 28 18 7 8 27 22 23 14:7401:480 357 1991 658 558 284 477 2194 208 194
positive(p153)::1 2 3 42 19 49 30 11 13:7918:610 2474 1401 119 380 8 1336 1567 23
positive(p616)::0 15 16 17 7 8 22 12 13 14:8045:494 410 2317 442 415 190 2966 604 6 201
positive(p11)::35 36 37 19 9 30 23:8251:1350 1636 2119 887 1443 746 70
positive(p270)::35 36 29 19 47 23 31:6313:392 2087 544 808 1267 469 746
positive(p97)::36 17 28 18 38 39 32 23 31 14:7207:90 391 2361 1042 1278 622 179 1024 87 133
positive(p211)::1 2 3 19 41 30 11:6729:127 1171 1339 426 1212 1034 1420
positive(p683)::16 17 42 18 7 8 27 21 22 14:9011:2521 418 1000 292 318 114 517 336 3329 166
positive(p570)::0 36 3 4 5 6 21 11 12 31:9005:388 848 1189 417 1069 1910 577 1883 27 697
positive(p549)::0 36 3 26 5 19 51 21 11:9108:512 56 1271 1086 2120 489 1162 740 1672
positive(p650)::0 1 25 4 29 7 8 45 46 22 12 14:7577:533 372 782 271 598 244 268 248 213 3723 137 188
positive(p533)::33 15 16 17 18 7 8 27 23 14:5735:547 467 1490 442 1255 171 173 358 720 112
positive(p642)::0 15 17 38 39 21 22 23 14:6783:142 1398 418 1167 718 30 2031 661 218
positive(p333)::0 15 16 17 7 8 22 23 14:7136:745 733 2043 411 270 121 2658 26 129
positive(p76)::35 16 17 42 18 7 8 47 21 12 14:6004:114 1998 433 514 454 77 92 1383 261 561 117
positive(p78)::35 36 16 17 42 18 38 39 32 21 23 13 14:8760:1068 1014 1395 359 1421 706 830 511 186 57 1004 82 127
positive(p264)::35 25 17 42 29 38 39 22 23 14:8597:485 563 285 1221 767 1064 768 2880 327 237
positive(p150)::33 2 3 4 5 6 9 21 11 12 31:8451:153 1628 1326 438 704 1447 80 264 1852 129 430
positive(p641)::0 15 17 7 8 27 22 23 13 14:5306:1018 540 404 407 196 477 1854 166 71 173
positive(p515)::35 37 4 18 19 9 30 11 31:7876:1594 1445 1424 331 482 486 991 974 149
positive(p647)::35 43 25 17 29 7 8 22 23 14:5803:214 308 317 300 867 230 119 3161 159 128
positive(p470)::16 17 42 18 7 8 27 22 23 14:7756:2477 354 694 73 181 98 553 3054 51 221
positive(p565)::1 2 42 19 47 30 11 13:7135:580 1766 47 600 1232 1437 1330 143
positive(p462)::25 28 7 8 49 22 12 14:6593:1065 825 353 194 12 3518 524 102
positive(p254)::40 19 51 30 11 31:6268:1385 207 1337 1202 1581 556
positive(p370)::16 17 42 18 38 39 22 23 14:8555:2283 339 1582 30 1251 624 2097 157 192
positive(p322)::35 36 2 26 6 41 24:4188:250 175 1316 498 789 1083 77
positive(p152)::33 2 3 4 5 6 21 11 31:7469:545 1501 1124 315 612 1480 24 1810 58
positive(p303)::16 17 18 7 8 21 22 13 24:7906:2323 378 978 829 275 572 2242 153 156
positive(p191)::35 43 2 4 19 9 11 13:7780:993 26 1532 2989 597 260 1207 176
positive(p587)::2 3 4 5 19 51 30 11:9269:2485 1093 1115 634 294 980 988 1680
positive(p349)::16 17 28 18 7 8 12 13 14:8217:2537 543 2326 1493 360 219 271 410 58
positive(p244)::2 3 5 6 11 31:7716:2230 1111 1153 1202 1465 555
positive(p88)::15 17 28 18 38 39 32 21 23 14:7862:1081 494 994 1082 1577 804 148 180 1351 151
positive(p625)::35 16 17 42 18 38 39 21 22 23 14:8875:218 1910 345 1251 94 1327 692 437 2312 173 116
positive(p419)::16 17 28 7 8 21 22 12 14:7065:2331 402 156 213 139 173 3104 490 57
positive(p289)::35 25 17 28 18 38 39 21 22 12 14:8757:1252 1016 361 1494 36 972 506 165 2393 403 159
positive(p167)::4 5 19 47 11 23 13:4537:1213 458 522 334 1511 144 355
positive(p596)::40 36 26 29 19 9 11 31:7952:1542 1716 737 697 625 929 1008 698
positive(p645)::0 16 17 18 38 39 22 23 14:7737:341 2008 337 1224 772 430 2246 195 184
positive(p156)::43 25 3 4 18 6 11 13:7221:549 130 991 1937 389 1338 1470 417
positive(p357)::15 25 17 28 18 7 8 22 23 14:4994:412 187 405 431 552 204 184 2380 131 108
positive(p382)::17 42 7 8 22 23 14:4653:341 367 230 156 3133 265 161
positive(p280)::35 36 25 17 28 18 7 8 49 23 24:8118:884 886 612 361 2588 1242 197 144 49 767 388
positive(p127)::37 3 26 5 19 49 11:7323:1282 1387 694 1864 624 53 1419
positive(p23)::33 43 2 3 4 5 6 9 21 11 12:7918:142 238 993 1310 1117 819 1185 82 254 1753 25
positive(p617)::35 17 7 8 27 21 22 12 13 14:6281:485 345 481 138 350 261 2974 872 272 103
positive(p283)::1 16 17 7 8 21 22 24:6868:148 2359 375 262 61 528 3093 42
positive(p472)::1 25 17 42 29 38 39 27 22 23 31 14:10899:395 1439 313 1053 975 1568 1014 528 3110 175 106 223
positive(p368)::33 15 17 18 38 39 49 22 23 31 24:6992:469 539 367 293 1412 751 82 2128 212 543 196
positive(p26)::35 36 37 6 9 30 11 31:6458:406 403 940 1043 538 1073 1057 998
positive(p197)::0 1 19 51 21 11 13:4084:4 371 304 1373 535 1353 144
positive(p65)::40 1 2 19 41 11:6810:1063 1072 1389 526 1120 1640
positive(p16)::0 1 3 26 19 21 11 13:6284:85 703 1535 815 192 911 1695 348
positive(p467)::0 1 17 42 7 8 22 12 14:7451:411 349 528 1140 338 184 3800 562 139
positive(p298)::0 15 17 18 7 8 32 22 12 13 14:7124:457 163 497 1210 669 270 66 2940 652 53 147
positive(p622)::35 36 37 4 18 19 9 23 13:9276:1693 1492 1830 1472 216 823 1645 35 70
positive(p337)::33 1 16 17 29 7 8 22 23 14:7954:497 336 2211 426 417 252 118 3450 125 122
positive(p27)::43 2 3 4 6 10 11 12:8616:574 1708 1223 2235 1112 158 1478 128
positive(p589)::40 3 5 19 9 21 11 13:7956:2113 1767 1002 397 484 340 1681 172
positive(p44)::43 2 3 4 19 44 21 11:8485:94 1427 1442 2268 391 1264 83 1516
positive(p498)::37 4 19 9 21 11 13:4228:835 1230 357 340 61 1291 114
positive(p516)::43 2 4 19 51 21 11 31:7054:7 1709 1752 410 1375 177 1318 306
positive(p660)::16 17 29 7 8 22 12 14:8200:1731 442 470 434 218 4256 489 160
positive(p562)::40 37 4 5 19 51 30 11 31:7424:570 1004 40 875 724 1099 1216 1453 443
positive(p455)::33 15 17 4 29 7 8 20 21 22 23 14:6591:429 1104 426 316 343 242 88 4 183 2980 368 108
positive(p388)::16 17 7 8 21 22 23 13 24:7204:2608 301 465 139 931 2525 97 15 123
positive(p72)::0 17 28 18 7 8 20 10 23 13 14:7406:1585 522 1728 1419 335 208 58 35 1242 60 214
positive(p543)::16 17 42 18 38 39 34 23 14:6673:1889 349 1068 276 877 708 776 563 167
positive(p457)::0 25 17 28 18 22 23 31:4738:710 887 320 685 636 1333 141 26
positive(p634)::0 15 25 17 42 18 38 39 34 46 22 23 31 14:11446:1435 1116 601 415 1612 20 1610 754 523 209 2245 428 248 230
positive(p432)::1 25 17 42 5 38 39 22 23 31 14:8613:525 137 416 948 92 1451 889 3453 216 286 200
positive(p628)::0 15 25 17 4 7 8 45 46 22 23 14:8803:1421 1044 1152 378 697 190 187 253 220 2947 177 137
positive(p654)::35 43 16 17 42 29 7 8 27 23 14:5507:276 46 2284 383 1022 148 161 60 743 304 80
positive(p265)::33 25 17 42 18 7 8 45 46 22 23 14:5346:19 833 350 919 254 135 218 229 248 2050 9 82
positive(p210)::2 3 5 19 7 9 10 11 12 31:8601:3098 1556 957 332 14 201 42 1757 110 534
positive(p317)::35 16 17 29 38 39 22 23 14:7022:295 1663 273 141 1421 926 2092 21 190
positive(p514)::35 4 18 19 56 11:5726:1264 2341 302 447 54 1318
positive(p314)::16 17 4 29 7 8 20 21 22 23 14:6739:1672 304 178 570 265 113 4 75 3309 126 123
positive(p535)::0 15 2 17 26 18 7 8 32 23 13 14:7180:1044 889 431 507 101 1994 496 185 151 1168 81 133
positive(p320)::36 37 29 19 9 21 13:7068:2170 2371 713 554 806 230 224
positive(p8)::40 43 25 4 5 6 41 21 11 31:7368:569 259 537 296 545 1358 988 897 1802 117
positive(p394)::16 17 42 18 7 8 49 21 22 23 13 14:8963:2435 442 926 725 553 251 21 396 2879 76 167 92
positive(p142)::33 3 4 6 11 12:5670:168 1207 487 2092 1660 56
positive(p87)::0 36 16 17 18 7 8 20 23 13 24:7721:518 736 1775 415 1925 642 299 64 862 13 472
positive(p479)::43 16 17 7 8 27 21 22 23 14:7497:544 1970 423 315 113 571 58 3335 47 121
positive(p504)::40 1 2 29 19 51 21 11 31:7319:860 278 1296 502 426 1359 382 1730 486
positive(p216)::1 2 19 11 31:5135:1048 1839 438 1111 699
positive(p581)::0 36 37 3 26 5 19 51 21 11:10811:504 282 1327 1158 1177 2350 601 1150 759 1503
positive(p563)::40 37 26 29 19 9 30 11 31:7909:976 1598 1063 386 683 470 1010 1169 554
positive(p399)::43 17 4 29 38 39 34 22 23 14:7662:370 347 274 964 1035 854 606 2834 170 208
positive(p669)::0 25 17 28 18 7 8 20 22 23 24:7052:774 332 360 1439 904 620 335 14 1847 263 164
positive(p491)::33 36 2 5 6 30 11 31:9118:472 1083 1464 1827 1267 804 1430 771
positive(p253)::3 4 5 6 51 30 11 31:7807:910 644 300 1573 1171 1010 1729 470
positive(p469)::15 16 17 28 18 7 8 34 21 22 23 14:8499:204 2421 403 860 610 204 94 642 563 2342 41 115
positive(p358)::35 17 18 7 8 21 22 13 14:6083:1004 267 887 669 290 174 2555 55 182
positive(p255)::0 16 17 7 8 34 22 14:6478:212 1887 337 333 148 692 2796 73
positive(p277)::1 16 17 4 5 7 8 27 22 23 14:7468:379 1609 274 134 93 192 116 575 3555 352 189
positive(p179)::37 3 4 5 6 11:4317:163 875 152 340 1225 1562
positive(p282)::25 17 28 18 38 39 30 22 23 31 14:8396:1281 333 1264 278 1571 727 66 2148 402 99 227
positive(p391)::1 16 17 18 7 8 21 22 14:6898:104 2037 388 579 293 108 142 3071 176
positive(p509)::0 37 29 6 21 11 31:6434:277 673 817 1932 697 1425 613
positive(p584)::43 2 19 44 30 11 13:6793:542 1516 266 1760 1304 1097 308
positive(p130)::40 1 26 6 44 21 11 31:8482:1084 1707 452 1328 1292 460 1507 652
positive(p145)::40 15 2 3 5 19 41 30 11 31:10973:632 243 2358 1211 1397 638 1041 1042 1692 719
positive(p646)::0 15 17 4 7 8 22 23 14:7173:640 1289 386 528 362 161 3484 216 107
positive(p73)::33 2 17 26 18 7 8 23 13 14:6606:100 1302 460 880 1557 461 171 1194 285 196
positive(p236)::37 3 5 6 11 31:6591:999 1117 1501 1066 1323 585
positive(p38)::40 43 26 5 6 51 30 11:7392:396 195 119 1518 1336 1253 907 1668
