positive(p618)::0 1 2 3 5 6 7:5326:17 1988 1662 351 337 734 237
positive(p108)::10 12:2333:41 2292
positive(p18)::15 1 2 3 16 17 18 6 7:9216:179 1713 1473 703 2203 1685 143 879 238
positive(p442)::19 20 21 16 5 6 7:5968:643 643 1333 2022 231 917 179
positive(p366)::1 2 3 16 17 25 6 7:9392:1707 1427 500 2249 1850 167 1261 231
positive(p354)::27 10 12:2213:16 30 2167
positive(p46)::0 1 2 3 16 17 25 6:9456:4 1774 1537 395 2391 1685 167 1503
positive(p160)::27 12 38:2507:16 1891 600
positive(p446)::1 2 3 16 17 5 6 7:9433:1768 1478 505 2226 1812 137 1276 231
positive(p347)::19 20 21 40 41 17 5 42 7:5448:483 532 1312 123 972 1307 212 116 391
positive(p12)::1 2 3 16 17 25 6 7:9392:1707 1427 500 2249 1850 167 1261 231
positive(p89)::15 1 2 3 16 17 18 6 7:9216:179 1713 1473 703 2203 1685 143 879 238
positive(p433)::19 1 2 3 16 17 25 43 7:8031:660 1690 1388 243 1531 1625 200 370 324
positive(p569)::44 3 12 32:2866:497 284 2071 14
positive(p148)::0 1 2 3 41 48 25 6 7:6109:17 1898 1542 256 771 538 188 666 233
positive(p673)::1 2 3 16 17 18 6 7:9203:1792 1495 700 2227 1690 153 908 238
positive(p336)::0 1 2 3 16 17 5 6 7:9432:4 1768 1478 508 2226 1804 137 1276 231
positive(p453)::49 1 2 16 17 5 6 7:8562:386 1761 1633 2154 1560 143 726 199
positive(p574)::0 1 2 3 16 17 25 6 7:9393:4 1707 1427 504 2249 1843 167 1261 231
positive(p278)::0 1 2 3 16 17 25 6 7:9393:4 1707 1427 504 2249 1843 167 1261 231
positive(p122)::15 20 2 3 16 48 18 6 7:7042:298 469 1582 495 2315 616 256 782 229
positive(p50)::51 53 54:301:187 82 32
positive(p32)::1 2 3 16 17 18 6 7:9203:1792 1495 700 2227 1690 153 908 238
positive(p501)::56 1 2 3 16 17 18 6 7:8941:699 1649 1449 432 2101 1537 207 620 247
positive(p234)::57 60 12 6:3980:755 37 1996 1192
positive(p334)::53 12:2300:104 2196
positive(p676)::15 1 46 3 16 17 5 6 7:7657:222 1666 46 301 1978 1684 136 1360 264
positive(p275)::49 1 2 3 16 17 18 43 7:8371:367 1684 1547 240 1764 1483 540 418 328
positive(p636)::49 1 46 3 16 17 5 6 7:7847:344 1753 21 305 2032 1603 136 1383 270
positive(p365)::1 2 3 16 17 18 6 7:9203:1792 1495 700 2227 1690 153 908 238
positive(p117)::63 64 3 16 48 18 43 7:4692:456 331 7 1902 592 718 409 277
positive(p489)::10 66:505:50 455
positive(p286)::44 67 27 10 12:2848:584 319 16 30 1899
positive(p96)::0 1 2 3 16 17 18 6 7:9202:4 1792 1495 703 2227 1682 153 908 238
positive(p610)::19 1 2 3 16 17 5 6 7:10351:830 1865 1378 712 1993 1723 137 1481 232
positive(p305)::44 12 42:2552:597 1865 90
positive(p415)::44 12:2879:685 2194
positive(p263)::44 51 22 60 12:3467:610 71 697 37 2052
positive(p248)::44 18 42:842:587 3 252
positive(p63)::67 27 54 42:940:611 94 32 203
positive(p361)::67 27 10 12 38:2826:375 16 30 1738 667
positive(p443)::0 1 2 16 65 5 6 7:6973:3 1924 1710 2107 214 231 648 136
positive(p687)::0 1 2 3 16 17 5 6 7:9432:4 1768 1478 508 2226 1804 137 1276 231
positive(p136)::19 1 2 3 16 48 18 7:6937:605 1871 1542 224 1531 517 347 300
positive(p405)::0 20 2 35 16 17 5 43 7:6498:1 462 1674 131 1759 1610 114 439 308
positive(p428)::44 53 38:1663:606 150 907
positive(p302)::0 1 2 3 16 17 18 6 7:9202:4 1792 1495 703 2227 1682 153 908 238
positive(p621)::49 1 2 3 16 17 25 6 7:9673:370 1710 1427 488 2253 1763 167 1254 241
positive(p353)::49 45 58 35 28 65 29 7:3977:442 1044 240 287 372 123 1166 303
positive(p639)::15 1 2 3 16 17 5 6 7:9463:192 1684 1457 504 2203 1805 137 1248 233
positive(p449)::0 1 2 3 4 17 5 6 7:7137:4 1886 1606 550 8 1718 206 879 280
positive(p91)::0 1 2 3 16 17 18 6 7:9202:4 1792 1495 703 2227 1682 153 908 238
positive(p430)::1 2 3 16 17 25 6 7:9392:1707 1427 500 2249 1850 167 1261 231
positive(p566)::27 10 60 12 38:2762:16 41 59 2000 646
positive(p30)::0 1 64 3 16 17 5 6 7:8727:4 1768 305 741 2322 1809 137 1394 247
positive(p219)::67 36 38:1388:527 25 836
positive(p215)::57 67 27 10 12:3005:771 337 12 50 1835
positive(p256)::53 12:2180:105 2075
positive(p294)::57 12:2965:815 2150
positive(p344)::0 1 2 3 16 17 5 6 7:9432:4 1768 1478 508 2226 1804 137 1276 231
positive(p249)::15 1 2 3 16 17 18 7:7771:212 1628 1524 273 1776 1511 517 330
positive(p440)::19 1 2 3 16 17 5 6 7:10351:830 1865 1378 712 1993 1723 137 1481 232
positive(p485)::19 1 21 3 16 17 5 6 7:10097:906 1871 943 773 2062 1712 137 1434 259
positive(p525)::49 1 2 3 16 17 25 6 7:9673:370 1710 1427 488 2253 1763 167 1254 241
positive(p161)::57 22 60 12 32:3199:642 712 32 1796 17
positive(p441)::57 10 53 12 6:3235:809 41 221 1963 201
positive(p300)::53 12 32:2195:90 2088 17
positive(p578)::0 1 2 3 16 17 25 6 7:9393:4 1707 1427 504 2249 1843 167 1261 231
positive(p104)::44 36:745:693 52
positive(p660)::0 1 2 3 16 17 5 6 7:9432:4 1768 1478 508 2226 1804 137 1276 231
positive(p147)::36 54 6:1340:130 54 1156
positive(p348)::0 1 2 3 4 17 5 42 7:5566:4 1715 1682 24 8 1485 207 57 384
positive(p287)::57 67 27 10 12 38:3251:592 328 16 30 1753 532
positive(p166)::15 1 2 16 48 18 43 7:7043:217 1661 1601 1725 493 657 391 298
positive(p494)::67 27 10 36 12:2329:308 16 30 127 1848
positive(p81)::20 21 3 4 17 37 6 7:5310:444 1013 356 37 1847 689 598 326
positive(p423)::15 63 64 3 16 17 18 7:5792:365 555 331 208 1916 1789 293 335
positive(p545)::1 64 40 16 17 25 6 7:7592:1802 291 162 2302 1625 303 906 201
positive(p429)::0 1 2 3 16 17 25 6 7:9393:4 1707 1427 504 2249 1843 167 1261 231
positive(p196)::15 1 2 3 16 17 18 6 7:9216:179 1713 1473 703 2203 1685 143 879 238
positive(p4)::56 9 41 18 14 7:4280:1728 50 1069 935 59 439
positive(p403)::19 63 64 3 16 17 25 6 7:8126:572 226 231 757 2171 2111 323 1491 244
positive(p10)::15 20 2 3 16 17 25 6 7:8762:291 412 1475 546 2361 2016 224 1187 250
positive(p434)::49 20 21 35 16 17 5 6 7:7313:381 587 1161 43 2385 1730 143 639 244
positive(p400)::0 20 64 3 16 17 5 6 7:7637:4 389 293 739 2443 2016 137 1353 263
positive(p351)::19 1 2 16 17 5 6 7:8909:662 1881 1564 1940 1580 143 954 185
positive(p548)::1 2 3 4 17 5 6 7:7137:1886 1606 546 8 1726 206 879 280
positive(p180)::36 12 6:2260:140 2038 82
positive(p395)::0 20 64 3 16 17 25 6 7:7780:4 389 293 694 2440 2055 307 1335 263
positive(p258)::49 1 2 3 16 17 25 6 7:9673:370 1710 1427 488 2253 1763 167 1254 241
positive(p369)::0 1 64 3 16 17 5 6 7:8727:4 1768 305 741 2322 1809 137 1394 247
positive(p359)::44 67 38:1862:578 507 777
positive(p319)::0 1 2 3 17 18 6 7:6834:4 1916 1611 698 1623 195 505 282
positive(p439)::15 1 64 16 17 5 6 7:7212:186 1700 303 2207 1667 143 810 196
positive(p600)::19 20 46 3 4 17 5 6 7:6290:1325 460 717 531 12 1593 203 1116 333
positive(p242)::49 1 2 35 17 18 7:5785:368 1929 1733 32 1434 39 250
positive(p198)::19 1 2 16 17 6 7:8491:566 1983 1605 1978 1419 774 166
positive(p41)::56 36 37 55 7:3904:2168 4 1210 104 418
positive(p513)::19 1 2 3 16 17 5 6 7:10351:830 1865 1378 712 1993 1723 137 1481 232
positive(p547)::67 27 10 53 12 38:3277:363 16 41 252 1855 750
positive(p378)::0 1 2 3 4 17 25 6 7:7061:4 1825 1534 546 8 1807 197 860 280
positive(p6)::44 67 27 12:3031:642 338 16 2035
positive(p454)::36 12:2247:1 2246
positive(p246)::19 1 2 40 16 48 18 6 7:7814:573 2059 1616 126 2000 626 8 648 158
positive(p375)::49 1 21 3 16 17 25 6 7:9297:370 1705 933 541 2315 1751 207 1207 268
positive(p484)::44 60 12 38:3291:667 59 1914 651
positive(p39)::12:2463:2463
positive(p481)::19 1 2 3 4 17 5 6 7:8483:1057 1983 1475 763 8 1639 206 1065 287
positive(p597)::15 1 21 3 16 17 25 6 7:9024:174 1644 912 554 2285 1832 180 1184 259
positive(p688)::49 1 2 16 17 25 42 7:7492:379 1606 1503 1830 1588 190 56 340
positive(p599)::49 1 2 3 16 17 25 6 7:9673:370 1710 1427 488 2253 1763 167 1254 241
positive(p684)::0 1 2 3 16 17 5 6 7:9432:4 1768 1478 508 2226 1804 137 1276 231
positive(p163)::49 1 2 3 16 17 18 6 7:9493:358 1797 1495 688 2233 1633 143 902 244
positive(p68)::63 3 12:3328:72 901 2355
positive(p125)::38:843:843
positive(p40)::36:45:45
positive(p5)::15 1 2 16 17 6 7:7711:125 1730 1623 2147 1526 368 192
positive(p34)::1 2 40 16 17 6 7:8005:1888 1685 126 2211 1437 469 189
positive(p435)::56 59 29 43 7:4955:1745 1338 992 501 379
positive(p100)::10 60 12:2138:30 46 2062
positive(p598)::19 1 64 3 16 17 18 6 7:9211:763 1860 168 1149 2056 1661 86 1218 250
positive(p237)::57 51 12:2677:616 70 1991
positive(p630)::15 1 2 3 16 17 5 6 7:9463:192 1684 1457 504 2203 1805 137 1248 233
positive(p356)::15 1 2 3 41 17 25 43 7:6922:238 1580 1516 9 972 1697 170 368 372
positive(p407)::15 20 21 3 16 17 25 6 7:8236:247 442 936 527 2417 2005 246 1139 277
positive(p497)::0 1 2 3 4 17 5 6 7:7137:4 1886 1606 550 8 1718 206 879 280
positive(p387)::35 12:2668:57 2611
positive(p626)::49 1 64 3 41 5 6 7:5599:477 1967 409 469 885 337 783 272
positive(p187)::60 54 38:1016:136 43 837
positive(p633)::0 1 2 3 16 17 5 6 7:9432:4 1768 1478 508 2226 1804 137 1276 231
positive(p631)::56 20 64 3 16 17 5 6 7:7732:911 358 335 453 2322 1853 128 1067 305
positive(p261)::57 10 12:2632:704 32 1896
positive(p379)::49 1 2 41 17 25 43 7:7101:398 1804 1644 1001 1350 188 381 335
positive(p544)::15 1 2 3 16 17 25 6 7:9421:184 1623 1419 500 2229 1843 159 1231 233
positive(p201)::60 12:2042:46 1996
positive(p666)::0 1 2 3 16 17 5 6 7:9432:4 1768 1478 508 2226 1804 137 1276 231
positive(p79)::49 1 2 3 16 65 18 6 7:8080:421 1944 1580 437 2246 119 254 857 222
positive(p508)::0 1 2 3 16 5 6 7:7586:17 1937 1569 321 2191 200 1167 184
positive(p43)::67 27 12:2293:368 16 1909
positive(p134)::49 1 2 3 16 17 25 43 7:7720:379 1587 1488 4 1791 1601 167 370 333
positive(p340)::44 12:2987:632 2355
positive(p568)::15 1 2 3 16 65 25 6 7:7624:193 1784 1509 250 2243 125 159 1179 182
positive(p251)::0 20 21 3 16 17 5 6 7:8053:4 442 1019 544 2446 2000 137 1184 277
positive(p612)::67 27 10 60:656:538 16 41 61
positive(p380)::19 63 46 3 17 6 7:4953:1144 247 421 483 1661 703 294
positive(p564)::49 1 2 3 16 17 25 6 7:9673:370 1710 1427 488 2253 1763 167 1254 241
positive(p193)::19 1 2 3 16 17 25 6 7:10371:859 1804 1327 708 2016 1761 199 1465 232
positive(p444)::0 1 2 3 16 48 5 6 7:8086:17 1878 1559 254 2214 569 200 1203 192
positive(p355)::0 1 2 3 16 17 25 6 7:9393:4 1707 1427 504 2249 1843 167 1261 231
positive(p335)::44 12 66 32:2674:574 1746 352 2
positive(p524)::10 53 12:2408:41 190 2177
positive(p657)::19 1 2 3 16 17 25 6 7:10371:859 1804 1327 708 2016 1761 199 1465 232
positive(p437)::57 67 27 36:1593:904 495 94 100
positive(p158)::1 2 3 16 17 18 6 7:9203:1792 1495 700 2227 1690 153 908 238
positive(p488)::57 67 27 10 36 12:2804:643 321 16 30 7 1787
positive(p448)::19 1 2 3 16 17 5 6 7:10351:830 1865 1378 712 1993 1723 137 1481 232
positive(p672)::49 20 2 40 16 17 6 7:7198:368 465 1695 120 2378 1542 414 216
positive(p526)::49 1 2 40 16 17 5 6 7:8862:386 1868 1666 126 2216 1457 143 797 203
positive(p103)::15 1 21 3 16 17 18 6 7:8751:182 1697 949 763 2269 1669 133 825 264
positive(p53)::57 85 38 32:1890:834 335 693 28
positive(p645)::1 2 3 16 17 5 6 7:9433:1768 1478 505 2226 1812 137 1276 231
positive(p342)::0 1 2 3 16 17 18 6 7:9202:4 1792 1495 703 2227 1682 153 908 238
positive(p346)::0 1 2 3 16 17 5 6 7:9432:4 1768 1478 508 2226 1804 137 1276 231
positive(p98)::19 1 2 3 16 17 18 6 7:10063:786 1875 1396 917 1995 1649 108 1103 234
positive(p556)::15 63 2 16 17 55 7:5607:335 261 1488 1340 1805 52 326
positive(p129)::44 22 60 12 32:3222:517 683 46 1968 8
positive(p178)::67 27 38:1401:500 16 885
positive(p111)::0 63 2 40 16 48 42:5574:2 759 1861 126 1975 689 162
positive(p522)::15 1 2 3 41 17 5 6 7:7922:216 1815 1498 467 897 1805 206 748 270
positive(p436)::57 51 27 12:2921:748 75 59 2039
positive(p324)::10 12 29 6:3557:41 2519 666 331
positive(p499)::15 1 2 3 16 17 25 6 7:9421:184 1623 1419 500 2229 1843 159 1231 233
positive(p143)::22 53 85:1069:667 104 298
positive(p655)::49 1 2 3 16 17 18 6 7:9493:358 1797 1495 688 2233 1633 143 902 244
positive(p7)::0 1 2 3 16 18 6 7:7525:17 2000 1585 492 2072 430 748 181
positive(p268)::12 6:2462:2289 173
positive(p541)::19 1 2 3 16 48 25 6 7:9156:917 1945 1417 483 2046 527 190 1434 197
positive(p238)::51 36 38:1049:187 136 726
positive(p482)::19 63 21 16 17 5 6 7:7223:365 451 1164 2161 1777 134 976 195
positive(p59)::36 12:2419:114 2305
positive(p233)::45 35 41 17 29 42 7:4748:712 620 1060 1281 713 64 298
positive(p638)::15 20 46 35 16 48 25 6 7:5534:268 634 841 34 1958 667 289 643 200
positive(p572)::27 12 38 32:2398:12 1789 570 27
positive(p204)::19 1 2 3 16 17 18 6 7:10063:786 1875 1396 917 1995 1649 108 1103 234
positive(p579)::0 1 2 3 16 17 25 6 7:9393:4 1707 1427 504 2249 1843 167 1261 231
positive(p285)::10 12 32:2204:30 2155 19
positive(p384)::1 2 3 16 17 5 6 7:9433:1768 1478 505 2226 1812 137 1276 231
positive(p3)::49 1 2 3 16 48 18 6 7:8417:389 1891 1572 444 2272 512 254 859 224
positive(p632)::19 1 2 3 16 17 25 6 7:10371:859 1804 1327 708 2016 1761 199 1465 232
positive(p218)::0 1 2 3 16 17 18 6 7:9202:4 1792 1495 703 2227 1682 153 908 238
positive(p47)::22 53:1077:845 232
positive(p671)::67 60 54 66:1091:513 61 43 474
positive(p226)::0 1 2 3 16 17 25 6 7:9393:4 1707 1427 504 2249 1843 167 1261 231
positive(p19)::57 53 12 6 32:3361:634 112 2039 552 24
positive(p169)::49 1 2 3 16 17 18 6 7:9493:358 1797 1495 688 2233 1633 143 902 244
positive(p559)::1 2 3 16 17 25 6 7:9392:1707 1427 500 2249 1850 167 1261 231
positive(p293)::44 51 38:1867:704 229 934
positive(p561)::19 1 2 3 16 17 18 6 7:10063:786 1875 1396 917 1995 1649 108 1103 234
positive(p583)::67 53 12 38:3180:423 252 1743 762
positive(p527)::15 1 2 3 16 17 5 6 7:9463:192 1684 1457 504 2203 1805 137 1248 233
positive(p329)::44 67 36 38:2182:646 546 89 901
positive(p284)::57 12:3061:845 2216
positive(p648)::0 1 2 16 17 5 6 7:8251:1 1756 1633 2150 1648 143 734 186
positive(p538)::19 1 21 3 16 17 18 6 7:9765:864 1845 955 982 2068 1636 105 1049 261
positive(p523)::57 22 85:2112:1134 685 293
positive(p372)::0 1 64 3 16 17 5 6 7:8727:4 1768 305 741 2322 1809 137 1394 247
positive(p94)::0 1 2 3 16 17 25 6 7:9393:4 1707 1427 504 2249 1843 167 1261 231
positive(p214)::57 67 27 10 12 38:3249:615 319 16 30 1692 577
positive(p259)::49 1 2 3 16 17 18 6 7:9493:358 1797 1495 688 2233 1633 143 902 244
positive(p338)::0 1 2 3 16 17 18 6 7:9202:4 1792 1495 703 2227 1682 153 908 238
positive(p292)::0 1 2 3 16 17 18 6 7:9202:4 1792 1495 703 2227 1682 153 908 238
positive(p422)::57 67 27 12:3030:720 342 16 1952
positive(p107)::57 67 27 12 29 6:3913:757 331 16 2233 241 335
positive(p116)::0 1 2 3 16 5 6 7:7584:17 1906 1569 324 2207 200 1177 184
positive(p668)::49 1 2 3 16 17 18 6 7:9493:358 1797 1495 688 2233 1633 143 902 244
positive(p695)::49 1 2 3 41 48 5 6 7:6784:444 1950 1613 207 797 499 337 680 257
positive(p496)::49 1 2 3 4 17 25 6 7:7348:363 1837 1534 531 8 1733 197 856 289
positive(p37)::57 67 27 36:1537:904 495 16 122
positive(p495)::19 1 21 25 6 7:5338:1070 2118 1233 314 397 206
positive(p507)::44 67 27 10 85:1450:582 505 16 30 317
positive(p205)::0 1 2 3 16 17 18 6 7:9202:4 1792 1495 703 2227 1682 153 908 238
positive(p245)::0 1 2 3 16 17 18 6 7:9202:4 1792 1495 703 2227 1682 153 908 238
positive(p222)::57 12 38:3263:690 1879 694
positive(p247)::44 67 27 60 12:3047:643 312 16 37 2039
positive(p431)::0 63 2 16 17 25 43 7:6741:2 400 1536 1866 1988 228 395 326
positive(p542)::49 1 2 3 16 17 5 6 7:9717:370 1773 1478 492 2232 1725 137 1269 241
positive(p505)::0 1 2 3 16 17 5 6 7:9432:4 1768 1478 508 2226 1804 137 1276 231
positive(p352)::1 2 3 16 17 18 6 7:9203:1792 1495 700 2227 1690 153 908 238
positive(p250)::49 1 2 3 16 18 6 7:8012:421 1949 1580 510 2249 261 818 224
positive(p123)::57 67 27 12:2728:638 328 16 1746
positive(p593)::57 12 29 6:3662:739 1958 98 867
positive(p165)::19 1 2 3 16 18 6 7:8560:820 2038 1488 759 1998 210 1039 208
positive(p595)::51 35 53 12 6:2812:92 93 203 2227 197
positive(p613)::44 67 27 10 12 38:3194:564 319 16 30 1705 560
positive(p576)::19 1 21 3 16 17 18 6 7:9765:864 1845 955 982 2068 1636 105 1049 261
positive(p240)::57 12 32:2549:773 1759 17
positive(p84)::49 1 2 3 16 48 37 6 7:8445:426 1876 1536 46 2191 519 573 1057 221
positive(p458)::44 51 38:1771:699 229 843
positive(p296)::36 12 66:2648:57 2207 384
positive(p609)::67 27 10 12:2533:354 16 41 2122
positive(p71)::19 1 64 3 16 17 25 6 7:9672:836 1804 174 897 2069 1776 273 1595 248
positive(p677)::0 1 21 3 16 17 25 6 7:9015:4 1700 933 558 2311 1830 207 1213 259
positive(p397)::49 1 2 3 16 17 18 6 7:9493:358 1797 1495 688 2233 1633 143 902 244
positive(p99):::0:
positive(p416)::49 63 21 62 41 65 18 7:4792:391 661 1429 68 1154 128 621 340
positive(p643)::49 1 2 3 16 17 25 6 7:9673:370 1710 1427 488 2253 1763 167 1254 241
positive(p360)::57 22:1662:899 763
positive(p31)::49 1 2 3 4 17 25 6 7:7348:363 1837 1534 531 8 1733 197 856 289
positive(p341)::57 3 12:3464:765 368 2331
positive(p683)::19 1 2 3 16 17 18 43 7:8589:598 1773 1447 490 1506 1524 514 418 319
positive(p128)::49 1 2 3 16 17 18 6 7:9493:358 1797 1495 688 2233 1633 143 902 244
positive(p693)::49 1 2 3 16 17 5 6 7:9717:370 1773 1478 492 2232 1725 137 1269 241
positive(p2)::19 45 46 59 28 18 43 7:6116:924 1120 1264 1554 335 268 423 228
positive(p438)::15 1 2 3 16 17 5 6 7:9463:192 1684 1457 504 2203 1805 137 1248 233
positive(p28)::19 1 2 3 16 17 25 6 7:10371:859 1804 1327 708 2016 1761 199 1465 232
positive(p90)::1 2 40 41 17 25 6 7:7008:1932 1605 120 949 1669 207 303 223
positive(p309)::51 53:324:187 137
positive(p74)::10 36 12:2358:41 28 2289
positive(p185)::44 22 53 12:3326:492 560 101 2173
positive(p172)::0 1 2 3 16 17 18 6 7:9202:4 1792 1495 703 2227 1682 153 908 238
positive(p591)::67 53:839:580 259
positive(p552)::0 1 2 3 16 17 18 6 7:9202:4 1792 1495 703 2227 1682 153 908 238
positive(p530)::15 1 2 3 4 17 25 6 7:7128:209 1741 1521 545 8 1807 185 830 282
positive(p502)::15 1 2 3 16 17 25 6 7:9421:184 1623 1419 500 2229 1843 159 1231 233
positive(p92)::49 1 2 40 16 17 5 6 7:8862:386 1868 1666 126 2216 1457 143 797 203
positive(p464)::15 1 2 3 16 17 5 43 7:7468:226 1555 1516 17 1741 1625 108 356 324
positive(p371)::15 63 21 3 41 17 25 6 7:6087:284 407 958 284 958 2101 248 561 286
positive(p603)::15 1 2 3 16 17 25 6 7:9421:184 1623 1419 500 2229 1843 159 1231 233
positive(p126)::0 1 2 3 16 17 25 6 7:9393:4 1707 1427 504 2249 1843 167 1261 231
positive(p678)::19 1 2 3 16 17 5 6 7:10351:830 1865 1378 712 1993 1723 137 1481 232
positive(p411)::0 1 2 3 16 17 25 6 7:9393:4 1707 1427 504 2249 1843 167 1261 231
positive(p316)::15 58 62 28 29 7:2998:493 244 101 372 1411 377
positive(p377)::0 1 2 3 16 17 25 6 7:9393:4 1707 1427 504 2249 1843 167 1261 231
positive(p13)::19 64 66:660:181 16 463
positive(p604)::53 38:1166:209 957
positive(p465)::15 1 2 3 16 17 5 6 7:9463:192 1684 1457 504 2203 1805 137 1248 233
positive(p699)::51 53 85 66:1175:229 223 298 425
positive(p653)::19 1 2 3 16 17 25 43 7:8031:660 1690 1388 243 1531 1625 200 370 324
positive(p536)::0 1 64 40 16 17 6 7:6821:1 1875 286 162 2280 1458 558 201
positive(p239)::44 67 27 36 38:1925:584 508 16 90 727
positive(p115)::49 63 21 3 16 65 18 6 7:5972:398 316 1164 307 2398 115 335 694 245
positive(p557)::19 20 21 40 17 25 6 7:5340:862 555 1164 130 1546 375 426 282
positive(p310)::49 1 2 3 16 6 7:7996:474 1911 1569 324 2315 1192 211
positive(p410)::49 1 21 3 16 17 25 6 7:9297:370 1705 933 541 2315 1751 207 1207 268
positive(p144)::0 1 2 3 16 5 6 7:7584:17 1906 1569 324 2207 200 1177 184
positive(p461)::19 1 2 16 17 5 6 7:8909:662 1881 1564 1940 1580 143 954 185
positive(p15)::44 10:659:629 30
positive(p658)::19 45 58 3 17 18 7:5157:955 1054 199 986 1286 328 349
positive(p55)::57 54 6:1160:1021 56 83
positive(p209)::0 1 2 3 4 17 18 6 7:6904:4 1916 1606 745 8 1639 195 505 286
positive(p345)::12:2075:2075
positive(p132)::1 2 3 16 17 18 6 7:9203:1792 1495 700 2227 1690 153 908 238
positive(p381)::0 1 2 3 16 17 5 6 7:9432:4 1768 1478 508 2226 1804 137 1276 231
positive(p175)::44 22 12:3271:617 560 2094
positive(p550)::51 53 85:628:163 151 314
positive(p192)::27 10 12 38:2630:16 30 2028 556
positive(p271)::44 12 32:2411:550 1845 16
positive(p408)::0 1 2 3 16 17 25 6 7:9393:4 1707 1427 504 2249 1843 167 1261 231
positive(p474)::15 1 2 3 16 17 5 6 7:9463:192 1684 1457 504 2203 1805 137 1248 233
positive(p124)::3 12:2360:64 2296
positive(p139)::15 1 21 3 16 17 25 6 7:9024:174 1644 912 554 2285 1832 180 1184 259
positive(p640)::19 1 2 16 17 5 6 7:8909:662 1881 1564 1940 1580 143 954 185
positive(p52)::19 22 66:1342:4 875 463
positive(p221)::0 1 2 40 16 17 6 7:8006:1 1888 1685 126 2211 1437 469 189
positive(p113)::57 10 12:2816:691 30 2095
positive(p266)::19 1 3 16 17 18 43 7:6601:902 1705 250 1302 1411 261 418 352
positive(p512)::19 1 2 3 16 17 25 6 7:10371:859 1804 1327 708 2016 1761 199 1465 232
positive(p273)::12 6:2462:2289 173
positive(p343)::1 2 3 16 17 5 6 7:9433:1768 1478 505 2226 1812 137 1276 231
positive(p257)::49 1 2 3 16 17 5 6 7:9717:370 1773 1478 492 2232 1725 137 1269 241
positive(p183)::56 1 2 3 16 17 18 6 7:8941:699 1649 1449 432 2101 1537 207 620 247
positive(p106)::22:768:768
positive(p301)::44 27 53 38:1569:563 16 115 875
positive(p447)::0 1 2 3 16 17 5 6 7:9432:4 1768 1478 508 2226 1804 137 1276 231
positive(p689)::15 1 2 3 16 17 5 6 7:9463:192 1684 1457 504 2203 1805 137 1248 233
positive(p532)::15 20 21 3 16 17 25 6 7:8236:247 442 936 527 2417 2005 246 1139 277
positive(p241)::19 1 64 35 16 48 25 42 7:5263:423 1847 54 34 1524 630 326 168 257
positive(p231)::22:788:788
positive(p154)::15 1 2 3 16 65 5 6 7:7675:201 1847 1547 231 2165 125 200 1177 182
positive(p327)::57 3 12 66:3562:802 138 2270 352
positive(p206)::67 27 36 12 38:2763:337 16 127 1728 555
positive(p459)::19 1 21 3 16 17 5 6 7:10097:906 1871 943 773 2062 1712 137 1434 259
positive(p520)::35 53 12 6:2588:9 203 2319 57
positive(p295)::0 1 2 3 16 25 6 7:7536:17 1876 1518 340 2265 167 1169 184
positive(p151)::0 1 2 3 4 17 18 6 7:6904:4 1916 1606 745 8 1639 195 505 286
positive(p157)::0 20 21 3 16 17 25 6 7:8166:4 442 989 531 2443 2038 273 1169 277
positive(p466)::57 36 38:1492:799 46 647
positive(p164)::0 1 2 40 65 5 6:5358:3 2148 1914 126 223 370 574
positive(p168)::57 51 27 10 36 18:1239:856 135 16 35 177 20
positive(p475)::19 1 2 3 16 17 5 6 7:10351:830 1865 1378 712 1993 1723 137 1481 232
positive(p207)::57 67 85:1771:912 528 331
positive(p189)::51 10 60 54 38:1164:157 41 63 32 871
positive(p321)::60 12 66:2476:46 2049 381
positive(p325)::0 1 2 3 16 17 18 6 7:9202:4 1792 1495 703 2227 1682 153 908 238
positive(p146)::0 1 64 3 16 25 6 7:6827:17 1876 333 551 2318 243 1289 200
positive(p159)::0 1 21 3 41 5 6 7:5392:17 1968 1128 296 796 337 598 252
positive(p227)::57 22 53 12:3613:744 751 201 1917
positive(p217)::0 1 2 3 16 17 25 6 7:9393:4 1707 1427 504 2249 1843 167 1261 231
positive(p195)::49 1 2 3 16 17 18 6 7:9493:358 1797 1495 688 2233 1633 143 902 244
positive(p203)::0 1 2 3 16 17 18 6 7:9202:4 1792 1495 703 2227 1682 153 908 238
positive(p299)::20 2 3 17 5 6 7:5811:412 1677 564 1871 206 799 282
positive(p590)::19 1 2 3 16 17 5 6 7:10351:830 1865 1378 712 1993 1723 137 1481 232
positive(p624)::0 1 2 3 16 17 5 6 7:9432:4 1768 1478 508 2226 1804 137 1276 231
positive(p546)::19 1 2 3 16 17 25 6 7:10371:859 1804 1327 708 2016 1761 199 1465 232
positive(p670)::67 27 60 85 38:1730:513 16 61 303 837
positive(p80)::1 2 3 41 17 25 6 7:7783:1824 1468 465 902 1901 197 758 268
positive(p390)::19 1 2 3 41 48 25 43 7:6230:837 1815 1516 4 713 453 206 335 351
positive(p680)::1 2 3 16 17 5 6 7:9433:1768 1478 505 2226 1812 137 1276 231
positive(p176)::51 12:2238:97 2141
positive(p663)::0 1 64 3 16 17 25 6 7:8746:4 1707 305 697 2319 1848 243 1376 247
positive(p95)::1 2 3 16 17 18 6 7:9203:1792 1495 700 2227 1690 153 908 238
positive(p230)::57 67 27 12 38:3447:697 342 16 1726 666
positive(p519)::49 1 21 40 16 17 5 6 7:8411:386 1863 1154 162 2290 1437 143 745 231
positive(p281)::49 1 2 3 16 17 18 6 7:9493:358 1797 1495 688 2233 1633 143 902 244
positive(p540)::56 1 2 3 16 17 25 6 7:9031:621 1578 1383 237 2141 1713 149 968 241
positive(p404)::49 1 2 3 16 5 6 7:8046:474 1942 1569 291 2200 200 1159 211
positive(p531)::53 12:2323:64 2259
positive(p229)::0 1 2 3 4 17 18 6 7:6904:4 1916 1606 745 8 1639 195 505 286
positive(p101)::57 3 85 38 32:2179:823 195 335 776 50
positive(p291)::0 1 2 3 16 17 5 6 7:9432:4 1768 1478 508 2226 1804 137 1276 231
positive(p623)::1 21 16 17 25 6 7:7801:1717 1047 2233 1682 231 680 211
positive(p445)::19 1 2 62 41 17 25 6 7:7707:759 2025 1516 23 837 1562 238 518 229
positive(p367)::67 27 10 12 38:2845:368 16 30 1769 662
positive(p662)::15 1 2 3 16 17 18 6 7:9216:179 1713 1473 703 2203 1685 143 879 238
positive(p54)::54:43:43
positive(p228)::44 85:1082:749 333
positive(p392)::57 51 22 12:3441:773 68 749 1851
positive(p675)::0 1 2 3 16 17 25 6 7:9393:4 1707 1427 504 2249 1843 167 1261 231
positive(p698)::51 22:1084:229 855
positive(p155)::0 1 2 3 16 17 5 6 7:9432:4 1768 1478 508 2226 1804 137 1276 231
positive(p252)::57 10 12:2770:721 30 2019
positive(p276)::49 1 64 3 16 25 6 7:7272:462 1881 321 523 2325 243 1289 228
positive(p500)::15 1 2 3 16 17 25 6 7:9421:184 1623 1419 500 2229 1843 159 1231 233
positive(p476)::49 1 2 3 16 17 5 6 7:9717:370 1773 1478 492 2232 1725 137 1269 241
positive(p272)::19 1 2 3 16 17 18 6 7:10063:786 1875 1396 917 1995 1649 108 1103 234
positive(p45)::57 67 27 22 38:3046:842 495 16 842 851
positive(p114)::57 67 27 54:1485:936 479 16 54
positive(p25)::0 1 2 3 16 17 18 6 7:9202:4 1792 1495 703 2227 1682 153 908 238
positive(p212)::44 67 53 54:1278:583 551 128 16
positive(p170)::0 1 2 40 17 5 6 7:6167:1 1995 1761 126 1444 211 391 238
positive(p521)::0 1 2 3 41 17 5 6 7:7859:4 1886 1542 470 902 1804 206 777 268
positive(p33)::57 85 66:1531:861 286 384
positive(p110)::22:771:771
positive(p137)::15 1 2 3 16 17 25 6 7:9421:184 1623 1419 500 2229 1843 159 1231 233
positive(p331)::57 54:1231:1177 54
positive(p223)::35 4 85:618:203 59 356
positive(p29)::1 2 3 16 17 25 6 7:9392:1707 1427 500 2249 1850 167 1261 231
positive(p288)::49 1 2 3 41 17 25 6 7:8084:377 1835 1468 451 915 1807 197 754 280
positive(p56)::57 53 85:1521:996 194 331
positive(p615)::1 2 3 4 17 25 6 7:7063:1825 1534 544 8 1815 197 860 280
positive(p627):::0:
positive(p49)::15 1 2 16 17 6 7:7711:125 1730 1623 2147 1526 368 192
positive(p685)::0 1 2 3 16 17 5 6 7:9432:4 1768 1478 508 2226 1804 137 1276 231
positive(p478)::15 1 2 3 16 17 5 6 7:9463:192 1684 1457 504 2203 1805 137 1248 233
positive(p64)::46 3 60:1064:81 847 136
positive(p414)::19 1 21 3 16 17 18 6 7:9765:864 1845 955 982 2068 1636 105 1049 261
positive(p385)::1 2 3 16 17 5 6 7:9433:1768 1478 505 2226 1812 137 1276 231
positive(p619)::15 1 2 3 16 17 25 6 7:9421:184 1623 1419 500 2229 1843 159 1231 233
positive(p323)::49 1 2 3 16 17 18 6 7:9493:358 1797 1495 688 2233 1633 143 902 244
positive(p452)::19 1 2 3 16 17 5 6 7:10351:830 1865 1378 712 1993 1723 137 1481 232
positive(p235)::49 63 21 3 41 17 18 7:5995:303 513 1162 6 1253 1646 712 400
positive(p463)::56 1 2 16 17 5 6 7:8367:883 1575 1590 2049 1503 131 441 195
positive(p425)::49 1 2 3 16 17 5 6 7:9717:370 1773 1478 492 2232 1725 137 1269 241
positive(p614)::63 2 3 16 17 25 6 7:8303:368 1476 317 2365 2168 219 1156 234
positive(p304)::0 1 2 3 16 17 18 6 7:9202:4 1792 1495 703 2227 1682 153 908 238
positive(p616)::15 1 64 3 16 17 25 6 7:8769:194 1623 305 693 2293 1848 216 1347 250
positive(p220)::56 1 64 3 16 17 18 6 7:8281:787 1618 342 669 2160 1524 187 726 268
positive(p606)::57 27 60 54:925:816 16 50 43
positive(p297)::19 63 46 35 29 14 7:3843:488 284 1493 280 885 59 354
positive(p22)::57 35 36 38:1864:949 20 48 847
positive(p421)::49 20 21 35 16 65 18 6 7:5577:432 643 1317 20 2311 226 180 224 224
positive(p326)::49 20 21 16 17 25 42 7:6385:370 435 1101 1988 1759 296 48 388
positive(p200)::49 1 2 3 16 17 25 6 7:9673:370 1710 1427 488 2253 1763 167 1254 241
positive(p451)::15 1 2 17 25 6 7:5883:143 1771 1621 1654 194 266 234
positive(p138)::49 1 2 3 16 17 5 6 7:9717:370 1773 1478 492 2232 1725 137 1269 241
positive(p537)::19 1 2 3 16 17 18 6 7:10063:786 1875 1396 917 1995 1649 108 1103 234
positive(p213)::0 1 2 3 16 17 18 6 7:9202:4 1792 1495 703 2227 1682 153 908 238
positive(p674)::19 63 21 3 41 17 5 6 7:6561:749 215 1001 540 813 1975 180 799 289
positive(p652)::0 20 2 35 16 17 25 6 7:7435:1 469 1570 63 2323 1891 245 671 202
positive(p641)::15 1 2 16 17 5 6 7:8261:144 1700 1603 2140 1641 143 704 186
positive(p506)::49 63 2 3 16 17 5 6 7:8464:344 354 1524 305 2354 2042 128 1169 244
positive(p575)::57 53:1241:1013 228
positive(p232)::51 36 54 32:304:187 68 32 17
positive(p406)::0 1 2 3 16 17 25 6 7:9393:4 1707 1427 504 2249 1843 167 1261 231
positive(p318)::51 54:261:229 32
positive(p184)::51 60 12:2258:71 37 2150
positive(p629)::1 2 3 16 17 5 6 7:9433:1768 1478 505 2226 1812 137 1276 231
positive(p594)::19 1 21 3 16 17 5 6 7:10097:906 1871 943 773 2062 1712 137 1434 259
positive(p486)::0 1 2 65 5 6 7:4721:3 1986 1771 216 370 188 187
positive(p279)::0 1 2 3 16 17 18 6 7:9202:4 1792 1495 703 2227 1682 153 908 238
positive(p21)::10 60 12 66:2568:30 46 2117 375
positive(p171)::49 1 2 3 16 17 5 6 7:9717:370 1773 1478 492 2232 1725 137 1269 241
positive(p402)::49 1 2 3 16 17 5 6 7:9717:370 1773 1478 492 2232 1725 137 1269 241
positive(p644)::0 1 2 3 16 17 5 6 7:9432:4 1768 1478 508 2226 1804 137 1276 231
positive(p567)::49 1 21 3 16 17 18 6 7:9036:358 1756 975 753 2323 1618 136 847 270
positive(p177)::1 2 3 16 17 18 6 7:9203:1792 1495 700 2227 1690 153 908 238
positive(p328)::0 1 2 3 16 17 25 6 7:9393:4 1707 1427 504 2249 1843 167 1261 231
positive(p199)::0 1 2 3 16 17 5 6 7:9432:4 1768 1478 508 2226 1804 137 1276 231
positive(p471)::49 1 2 3 4 17 25 6 7:7348:363 1837 1534 531 8 1733 197 856 289
positive(p586)::0 1 2 3 16 17 5 6 7:9432:4 1768 1478 508 2226 1804 137 1276 231
positive(p267)::57 67 12 32:2674:661 287 1722 4
positive(p493)::15 1 2 3 4 17 25 6 7:7128:209 1741 1521 545 8 1807 185 830 282
positive(p131)::19 1 64 3 16 17 25 6 7:9672:836 1804 174 897 2069 1776 273 1595 248
positive(p339)::0 1 2 3 4 17 25 6 7:7061:4 1825 1534 546 8 1807 197 860 280
positive(p592)::53 12:2487:211 2276
positive(p490)::3 29 6:2331:654 991 686
positive(p573)::49 1 2 3 16 17 25 6 7:9673:370 1710 1427 488 2253 1763 167 1254 241
positive(p194)::0 1 2 3 16 17 18 6 7:9202:4 1792 1495 703 2227 1682 153 908 238
positive(p141)::49 1 2 3 16 17 5 6 7:9717:370 1773 1478 492 2232 1725 137 1269 241
positive(p417)::44 12:2923:670 2253
positive(p477)::15 1 21 3 16 17 5 6 7:9064:202 1705 944 560 2263 1794 137 1200 259
positive(p153)::57 67 53 85 38:2722:865 501 231 328 797
positive(p625)::19 1 2 40 17 25 6 7:7094:862 2030 1532 126 1480 238 583 243
positive(p11)::0 1 2 3 4 17 18 6 7:6904:4 1916 1606 745 8 1639 195 505 286
positive(p270)::0 1 2 3 16 17 18 6 7:9202:4 1792 1495 703 2227 1682 153 908 238
positive(p97)::1 2 40 16 17 5 6 7:8550:1863 1666 126 2210 1547 143 805 190
positive(p211)::44 67 27 10 60 12 38:3265:584 305 16 30 32 1738 560
positive(p692)::67 27 53 85 66:1499:638 16 149 275 421
positive(p570)::57 67 10 85:1756:927 527 41 261
positive(p549)::49 1 2 3 4 17 5 6 7:7422:363 1898 1606 533 8 1644 206 875 289
positive(p659)::51 12:2075:79 1996
positive(p533)::0 1 2 3 4 17 18 6 7:6904:4 1916 1606 745 8 1639 195 505 286
positive(p651)::49 1 2 40 41 5 6 7:6054:507 2094 1768 120 810 370 171 214
positive(p333)::19 20 21 40 16 17 25 43 7:6581:381 546 1235 130 1646 1527 326 453 337
positive(p76)::0 1 21 16 48 29 43 7:5374:17 1738 1062 1291 515 79 367 305
positive(p78)::19 63 2 40 16 17 25 6 7:7751:328 437 1526 126 2138 1850 261 893 192
positive(p264)::57 10 12:2820:806 41 1973
positive(p150)::44 51 22 12:3255:580 79 672 1924
positive(p650)::49 1 2 3 16 17 25 6 7:9673:370 1710 1427 488 2253 1763 167 1254 241
positive(p515)::10 12 38 32:2555:32 1822 674 27
positive(p656)::49 1 2 3 16 17 25 6 7:9673:370 1710 1427 488 2253 1763 167 1254 241
positive(p470)::0 1 21 3 16 17 25 6 7:9015:4 1700 933 558 2311 1830 207 1213 259
positive(p565)::15 1 2 3 16 17 18 43 7:8133:212 1595 1524 256 1731 1534 540 418 323
positive(p462)::49 1 2 3 16 5 6 7:8047:474 1911 1569 294 2217 200 1171 211
positive(p254)::67 27 12:2293:368 16 1909
positive(p370)::0 1 64 3 4 17 25 6 7:6237:4 1809 326 726 12 1786 301 977 296
positive(p322)::49 1 2 3 16 18 6 7:8012:421 1949 1580 510 2249 261 818 224
positive(p152)::3 12 66:3011:633 2082 296
positive(p303)::57 67 27 12 38:3175:615 321 16 1692 531
positive(p191)::57 67 27 36 54 38:2216:865 503 16 16 43 773
positive(p587)::44 67 27 10 12 38:3463:621 340 16 41 1799 646
positive(p349)::10 60 18 42:709:57 136 344 172
positive(p244)::0 1 2 3 16 6 7:7533:17 1906 1569 352 2306 1199 184
positive(p88)::60 12:2092:46 2046
positive(p661)::0 1 2 3 16 17 25 6 7:9393:4 1707 1427 504 2249 1843 167 1261 231
positive(p419)::19 20 21 40 16 48 18 43:5759:324 597 1389 130 1741 643 442 493
positive(p289)::3 53 85 38:2012:294 377 365 976
positive(p167)::12 38:2277:1705 572
positive(p596)::19 1 2 3 16 17 25 6 7:10371:859 1804 1327 708 2016 1761 199 1465 232
positive(p664)::0 1 64 3 16 17 25 6 7:8746:4 1707 305 697 2319 1848 243 1376 247
positive(p156)::12 6:2119:2005 114
positive(p357)::42:210:210
positive(p382)::57 53 12:2695:646 170 1879
positive(p280)::57 42:1023:873 150
positive(p127)::53 12:2221:170 2051
positive(p23)::49 1 2 3 16 17 25 6 7:9673:370 1710 1427 488 2253 1763 167 1254 241
positive(p617)::49 1 2 3 16 17 25 6 7:9673:370 1710 1427 488 2253 1763 167 1254 241
positive(p283)::10 53 12:2442:41 211 2190
positive(p472)::56 1 2 16 17 5 6 7:8367:883 1575 1590 2049 1503 131 441 195
positive(p368)::51 10 60 12 38:2502:71 30 32 1809 560
positive(p26)::64 22:872:3 869
positive(p197)::45 46 59 53 37 55 32:5806:1574 1414 1480 43 1175 104 16
positive(p65)::0 1 2 3 16 17 25 6 7:9393:4 1707 1427 504 2249 1843 167 1261 231
positive(p16)::22 36:849:690 159
positive(p467)::57 53 12:3036:744 211 2081
positive(p298)::19 45 64 3 16 25 42 7:4447:707 1074 287 583 1128 335 89 244
positive(p622)::56 63 64 35 41 48 7:4814:1513 574 467 224 1120 709 207
positive(p337)::53 12 66:2582:203 1986 393
positive(p27)::49 20 2 3 4 17 25 6 7:6172:351 412 1590 589 8 1850 263 806 303
positive(p589)::51 36 6:1103:229 63 811
positive(p44)::18:46:46
positive(p498)::15 20 2 3 16 17 5 6 7:8675:300 412 1511 550 2335 1978 137 1202 250
positive(p516)::67 12 38:2841:361 1809 671
positive(p682)::67 27 10 53 12:2297:319 16 30 46 1886
positive(p562)::19 1 2 3 16 17 18 6 7:10063:786 1875 1396 917 1995 1649 108 1103 234
positive(p455)::63 2 3 41 17 5 6 7:6375:402 1585 287 917 2088 180 657 259
positive(p388)::19 63 64 40 41 17 18 6 7:4868:365 616 312 130 1146 1756 146 167 230
positive(p72)::67:580:580
positive(p543)::19 63 2 3 16 17 5 6 7:8645:563 189 1422 573 2109 2052 128 1373 236
positive(p457)::57 60 12:2792:723 37 2032
positive(p634)::44 22 60 38:2359:617 759 136 847
positive(p432)::19 1 2 35 17 18 43 7:6856:671 1896 1685 194 1220 377 492 321
positive(p628)::1 2 3 16 5 6 7:7550:1906 1569 307 2207 200 1177 184
positive(p654)::15 1 2 3 16 17 25 6 7:9421:184 1623 1419 500 2229 1843 159 1231 233
positive(p265)::10:30:30
positive(p210)::19 1 2 3 4 17 18 6 7:8194:1014 1998 1475 968 8 1610 151 681 289
positive(p317)::60 12:2301:59 2242
positive(p514)::49 1 2 3 4 17 25 6 7:7348:363 1837 1534 531 8 1733 197 856 289
positive(p314)::0 1 2 3 16 17 5 6 7:9432:4 1768 1478 508 2226 1804 137 1276 231
positive(p535)::1 2 3 16 17 25 6 7:9392:1707 1427 500 2249 1850 167 1261 231
positive(p320)::15 45 46 36 37 42 7:5109:462 1261 1465 97 1314 223 287
positive(p8)::1 21 3 16 17 18 6 7:8750:1751 975 765 2319 1674 148 855 263
positive(p394)::0 1 2 3 4 17 5 6 7:7137:4 1886 1606 550 8 1718 206 879 280
positive(p142)::1 2 3 16 17 5 6 7:9433:1768 1478 505 2226 1812 137 1276 231
positive(p87)::22 60 54 66:1500:865 136 32 467
positive(p479)::19 20 2 3 16 17 5 6 7:9238:739 412 1434 757 2127 1940 137 1444 248
positive(p504)::15 1 2 3 16 17 18 6 7:9216:179 1713 1473 703 2203 1685 143 879 238
positive(p216)::44 60 85 38 32:1764:614 93 328 728 1
positive(p581)::19 1 21 3 16 17 25 6 7:10141:934 1810 911 760 2059 1751 238 1419 259
positive(p563)::0 1 2 3 16 17 18 6 7:9202:4 1792 1495 703 2227 1682 153 908 238
positive(p399)::49 20 2 3 16 17 25 43 7:7057:370 404 1542 37 1904 1784 233 432 351
positive(p669)::3 36 38:1305:222 181 902
positive(p491)::0 1 2 3 16 17 5 6 7:9432:4 1768 1478 508 2226 1804 137 1276 231
positive(p253)::56 63 64 59 41 18:6985:1996 689 513 1555 1246 986
positive(p469)::15 1 2 3 16 17 5 6 7:9463:192 1684 1457 504 2203 1805 137 1248 233
positive(p358)::44 67 27 12:2768:587 312 16 1853
positive(p255)::67 27 54 42:940:611 94 32 203
positive(p277)::49 1 2 3 16 17 25 6 7:9673:370 1710 1427 488 2253 1763 167 1254 241
positive(p179)::15 1 2 3 16 17 18 6 7:9216:179 1713 1473 703 2203 1685 143 879 238
positive(p282)::1 2 40 16 17 6 7:8005:1888 1685 126 2211 1437 469 189
positive(p391)::0 1 2 40 16 17 25 6 7:8503:1 1802 1582 126 2234 1598 179 791 190
positive(p509)::19 1 2 3 16 17 5 6 7:10351:830 1865 1378 712 1993 1723 137 1481 232
positive(p584)::49 1 2 3 16 17 5 6 7:9717:370 1773 1478 492 2232 1725 137 1269 241
positive(p130)::0 1 2 3 17 5 6 7:7069:4 1886 1611 501 1702 206 879 280
positive(p145)::1 2 3 16 17 25 6 7:9392:1707 1427 500 2249 1850 167 1261 231
positive(p646)::49 1 2 3 16 17 25 6 7:9673:370 1710 1427 488 2253 1763 167 1254 241
positive(p73)::0 63 64 40 16 17 37 43 7:6299:1 741 197 162 1810 1748 915 432 293
positive(p236)::49 1 46 3 16 18 6 7:5802:397 1914 8 250 1993 32 958 250
positive(p38)::56 20 2 3 4 17 37 6 7:6168:999 381 1524 83 34 1702 796 333 316
