positive(p140)::0 2 3 5 7 8 9 11 12 13 14:7790:212 1030 1672 225 404 1695 592 1197 430 215 118
positive(p81)::0 2 3 5 7 8 17 12 18:6668:80 1194 1763 261 402 1642 864 432 30
positive(p47)::0 20 2 3 7 8 9 11 12 13:9240:193 1774 1079 1639 409 1640 710 1131 434 231
positive(p219)::0 2 3 7 8 9 11 12 13 14:7481:211 1028 1514 409 1749 663 1201 436 157 113
positive(p86)::22 2 3 5 25 26 27 17 18:7175:532 1407 1552 261 2120 145 209 902 47
positive(p335)::22 20 2 3 5 7 9 27 17 12 13 14:7922:463 1815 1170 1448 223 409 557 233 844 489 161 110
positive(p82)::0 2 3 7 27 17 12 18:4939:107 1148 1600 402 266 933 453 30
positive(p108):::0:
positive(p262)::0 2 3 7 8 9 12:6193:202 1146 1552 404 1767 662 460
positive(p390)::0 2 3 7 8 27 11 12 13 14:6812:144 997 1392 404 1752 241 1172 417 157 136
positive(p395)::0 20 5 25 26 9 27 11 13:7679:250 1857 245 2224 133 734 669 1442 125
positive(p133)::1 29 30 23 24 16 10 28 19:8795:100 1037 4754 194 298 783 1205 63 361
positive(p180)::0 2 3 7 8 11 12 13 14:6874:92 1039 1735 404 1696 1134 390 232 152
positive(p293)::0 2 3 5 7 26 27 11 18 14:5286:120 1138 1526 277 404 165 169 1289 40 158
positive(p12)::29 30 23 24 28:6462:1261 4545 146 298 212
positive(p272)::22 20 2 3 5 7 8 9 11 12 13:9568:493 1781 1070 1520 234 415 1696 585 1200 435 139
positive(p205)::1 30 23 6 10 28 19 15:8036:162 5149 180 241 1292 104 358 550
positive(p94)::0 2 3 25 8 27 11 12 13 14:8430:115 990 1460 2066 1715 202 1169 396 157 160
positive(p166)::22 20 2 3 5 7 8 27 11 13 14:8804:526 1710 1126 1361 271 415 1776 132 1205 140 142
positive(p321)::22 20 2 3 5 7 8 11 18:8932:561 1740 1310 1689 286 415 1692 1183 56
positive(p42)::0 20 2 3 7 8 9 11 12 13 14:9293:212 1752 1044 1614 409 1702 667 1126 428 232 107
positive(p268)::1 29 4 21 6 16 10 19 15:4880:142 871 314 275 162 875 1306 562 373
positive(p160)::22 20 2 3 5 7 8 27 11 12:8994:535 1776 1061 1378 286 415 1709 218 1213 403
positive(p96)::0 2 3 5 9 27 14:4283:276 1275 1452 240 599 283 158
positive(p107)::29 30 23 24 10 28 19 15:8722:1084 4841 204 304 1248 136 305 600
positive(p93)::0 20 2 3 7 26 27 11 12 14:6876:108 1686 1056 1489 409 158 234 1200 397 139
positive(p67)::29 30 23 6 28 19 15:7428:1226 4692 152 191 238 283 646
positive(p366)::22 20 3 5 25 26 27 11 18:8033:516 1744 1516 279 2134 144 239 1405 56
positive(p24)::0 20 2 3 7 8 9 11 12 13 14:9275:212 1718 1044 1644 409 1691 664 1126 428 232 107
positive(p324)::0 20 2 3 5 7 11 18:6865:123 1818 1322 1663 286 409 1191 53
positive(p14)::0 20 2 3 5 7 27 12 13 14:6194:136 1797 1153 1474 271 409 233 412 165 144
positive(p363)::0 20 2 3 5 7 8 27 17 13:8144:95 1814 1280 1472 256 404 1660 188 823 152
positive(p62)::29 30 23 24 10 28 19 31:7982:1086 4674 204 304 1271 119 305 19
positive(p187)::22 20 2 3 7 8 27 11 12 13 14:8809:523 1656 1024 1433 415 1739 183 1154 389 157 136
positive(p175)::0 2 3 7 8 9 11 12 13 14:7598:212 1033 1640 409 1706 650 1168 430 232 118
positive(p259)::22 2 3 7 8 9 27 11 12 13 14:7695:473 988 1385 409 1743 581 213 1193 440 157 113
positive(p103)::0 2 3 5 25 9 27 11 18 14:7462:278 1108 1312 240 2161 612 237 1305 54 155
positive(p40)::0 2 3 7 8 27 11 13 14:6429:96 1093 1452 404 1737 152 1185 157 153
positive(p307)::1 29 30 23 24 10 28 19 31:8034:100 995 4737 204 304 1244 112 337 1
positive(p373)::22 20 2 5 25 26 9 27 17 18:9388:465 2061 1644 222 2227 112 747 964 885 61
positive(p433)::29 30 23 24 28 19 15:7485:1208 4694 152 298 241 295 597
positive(p384)::0 20 2 3 5 7 8 27 11 12 13:8657:82 1753 1118 1409 271 409 1677 247 1176 403 112
positive(p99)::0 20 2 3 5 7 8 11 12 13:8681:73 1734 1101 1702 271 409 1642 1141 394 214
positive(p198)::30 23 24 16 10 19 15:8407:5044 138 187 833 1320 354 531
positive(p304)::1 29 30 23 24 10 28 19 31:8034:100 995 4737 204 304 1244 112 337 1
positive(p325)::29 30 23 24 28 19:6683:1256 4488 152 298 224 265
positive(p348)::1 29 30 23 24 16 10 28 19:8926:100 1035 4771 184 304 871 1213 60 388
positive(p315)::29 30 23 6 28 15:7054:1161 4735 152 152 233 621
positive(p128)::22 2 3 7 8 27 11 12 18 14:7153:532 1026 1463 415 1746 183 1220 399 22 147
positive(p83)::1 29 30 23 24 16 10 28 19 15:9458:100 1034 4892 194 298 783 1196 67 361 533
positive(p398)::0 20 3 25 26 9 27 11 18:8435:254 1781 1462 2205 132 762 316 1456 67
positive(p312)::22 2 3 5 7 8 11 13:7293:574 1183 1736 262 409 1696 1218 215
positive(p28)::0 20 2 3 7 8 9 27 11 12 13 14:9154:210 1722 1002 1327 409 1713 680 246 1160 426 157 102
positive(p90)::1 29 30 23 24 16 10 28 19:8885:102 1070 4813 170 298 808 1207 56 361
positive(p427)::0 2 3 7 8 11 12 13 14:6874:92 1039 1735 404 1696 1134 390 232 152
positive(p74)::1 30 23 21 6 16 10 28 19 15:9324:186 5201 128 292 224 926 1356 32 441 538
positive(p70)::0 20 2 3 7 8 9 11 12 13 14:9275:212 1718 1044 1644 409 1691 664 1126 428 232 107
positive(p299)::22 20 3 7 8 27 11 12 13 14:8243:519 1625 1559 437 1805 218 1243 503 169 165
positive(p92)::0 2 3 7 8 27 11 12 13 14:6765:90 997 1479 404 1725 202 1168 396 157 147
positive(p346)::1 29 30 23 6 16 10 15:8874:108 920 4969 194 155 783 1215 530
positive(p329)::0 20 2 3 7 8 9 27 11 12 13:9141:192 1779 1020 1322 409 1656 725 287 1164 431 156
positive(p327)::0 20 7 8 9 27 11 12 18:8082:144 1845 431 1883 906 792 1450 586 45
positive(p126)::29 30 23 24 16 10 28 19 15:9394:1066 4890 194 298 783 1196 73 361 533
positive(p60)::29 30 23 24 16 10 28 19:8755:1128 4691 194 298 815 1230 70 329
positive(p121)::30 23 24 16 10 28 15:7954:4876 169 262 781 1267 65 534
positive(p13)::22 20 2 3 7 8 9 11 13:9178:497 1759 1182 1627 415 1755 555 1156 232
positive(p340)::1 29 30 23 24 28 19:6862:127 1163 4588 143 304 214 323
positive(p192)::29 30 23 24 16 10 28 19:8800:1123 4706 194 298 737 1270 70 402
positive(p435)::29 30 23 24 16 10 28:8453:1128 4728 194 298 815 1225 65
positive(p276)::22 2 3 5 25 26 9 11 18:7805:495 1284 1503 240 2220 135 557 1313 58
positive(p158)::22 20 2 3 5 7 8 9 27 11:9173:463 1783 1206 1265 249 415 1779 544 223 1246
positive(p292)::0 2 3 5 7 8 12 18:5792:70 1173 1776 277 404 1661 413 18
positive(p224)::1 29 30 23 21 24 10 28 19 15:8894:100 972 4843 204 226 310 1223 130 337 549
positive(p188)::0 2 3 7 8 9 11 12 13 14:7574:212 1024 1642 404 1706 650 1156 430 232 118
positive(p352)::1 30 23 6 16 10 28 15:8401:173 5231 169 189 723 1363 38 515
positive(p190)::0 2 3 7 8 9 11 12 13 14:7590:212 1024 1672 404 1695 647 1156 430 232 118
positive(p388)::0 20 2 3 5 7 8 9 27 11 12 18:9473:192 1858 1117 1254 249 409 1683 692 313 1218 443 45
positive(p376)::22 20 5 25 26 9 27 17 12 18 31:8287:455 1954 205 2228 102 805 837 900 738 61 2
positive(p89)::22 20 2 3 5 25 8 27 11 18:10401:535 1754 1150 1388 286 2091 1738 167 1236 56
positive(p132)::22 2 3 5 7 8 11 12 18:7466:571 1194 1713 277 409 1667 1200 413 22
positive(p125)::22 2 3 7 8 9 11 12 13 14:7877:505 1040 1680 415 1717 565 1171 434 232 118
positive(p271)::0 20 2 3 7 8 9 11 12 13 14:9275:212 1718 1044 1644 409 1691 664 1126 428 232 107
positive(p15)::29 30 23 24 10 19:7868:1084 4674 204 304 1305 297
positive(p343)::22 20 2 3 25 26 27 11 13 14:8779:516 1688 1172 1452 2062 150 151 1247 152 189
positive(p301)::1 29 30 23 21 6 16 10 28 19 15:9535:111 942 4834 194 216 147 734 1290 65 488 514
positive(p124)::29 30 23 24 10 28 19 15:8760:1000 4904 194 311 1261 133 436 521
positive(p139)::22 2 3 5 7 8 11 12 18:7380:573 1100 1733 277 409 1667 1200 399 22
positive(p112)::29 30 23 24 16 10 28 19 15:9394:1066 4890 194 298 783 1196 73 361 533
positive(p52)::29 30 23 24 10 28 19 15:8821:1080 4856 204 304 1288 136 378 575
positive(p113)::22 2 3 5 7 26 11 12 13 14:6234:557 1103 1727 262 415 151 1234 415 215 155
positive(p10)::0 20 2 3 7 8 9 11 12 13:9272:212 1770 1079 1614 409 1704 687 1131 434 232
positive(p228)::0 2 3 7 8 9 11 12 13:7539:212 1059 1672 404 1697 667 1161 435 232
positive(p17)::0 2 3 5 7 27 17 13:4959:134 1341 1583 247 402 262 856 134
positive(p226)::29 30 23 24 10 28 19 15:8649:1024 4872 204 304 1223 136 337 549
positive(p1)::29 30 23 24 16 28 19 15:8355:1211 4812 178 298 815 136 308 597
positive(p341)::1 29 30 23 24 16 19 15:8217:136 1144 4751 157 291 856 311 571
positive(p106)::0 20 2 3 7 8 9 27 11 12 13 14:9204:205 1722 1079 1311 409 1713 690 250 1160 429 138 98
positive(p233)::22 20 2 3 7 26 9 27 11 12 13 14:7930:455 1763 1050 1330 415 129 622 252 1202 451 157 104
positive(p420)::0 20 2 3 7 8 9 11 12 13:9240:193 1774 1079 1639 409 1640 710 1131 434 231
positive(p258)::1 29 30 23 21 24 10 15:8434:108 919 4876 204 226 310 1258 533
positive(p371)::0 20 2 3 5 7 26 12 13 14:6386:138 1794 1198 1700 271 409 147 420 156 153
positive(p71)::0 2 3 7 8 9 11 13 14:7228:217 1120 1639 404 1718 600 1174 232 124
positive(p351)::22 20 3 5 25 8 9 27 11 12 13 14:10703:462 1684 1434 226 2109 1792 605 248 1323 535 152 133
positive(p39)::29 30 23 24 16 10 28 19:8767:1128 4691 194 298 815 1241 70 330
positive(p151)::29 30 23 24 16 10 28 19 15:9617:1124 4875 184 304 903 1221 70 355 581
positive(p431)::1 30 23 24 16 10 28 19 15:8664:170 4990 169 187 816 1348 46 397 541
positive(p164)::29 30 23 6 10 28 19 15:8584:1042 4867 204 173 1239 133 326 600
positive(p168)::1 30 23 6 16 15:6975:201 5047 115 222 858 532
positive(p273)::0 2 3 7 8 11 12 13 14:6855:92 1039 1705 404 1707 1134 390 232 152
positive(p305)::29 30 23 24 16 10 28 19:8755:1128 4691 194 298 815 1230 70 329
positive(p239)::0 20 2 3 7 11 12 13 14:6929:121 1715 1094 1687 409 1127 400 232 144
positive(p410)::1 29 30 23 24 10 28 19 31:8034:100 995 4737 204 304 1244 112 337 1
positive(p146)::22 2 3 5 7 8 11 12 18:7429:563 1100 1738 277 409 1720 1201 399 22
positive(p231)::29 30 23 24 10 28 19 15:8722:1084 4841 204 304 1248 136 305 600
positive(p300)::22 20 2 3 5 7 8 11 18 14:8950:553 1683 1181 1713 286 415 1741 1175 56 147
positive(p313)::0 20 2 3 7 8 11 12 13 14:8488:92 1663 1060 1707 409 1692 1104 388 232 141
positive(p43)::0 2 3 7 8 9 11 12 13:7487:193 1059 1667 404 1644 693 1161 435 231
positive(p161)::22 20 3 5 25 26 9 17 18 14:8337:473 1780 1778 230 2181 120 563 881 74 257
positive(p350)::30 23 6 10 28 19 15:7998:5043 180 233 1413 112 434 583
positive(p404)::29 30 23 24 16 10 19:8737:1126 4691 194 298 827 1280 321
positive(p379)::1 29 30 23 24 10 28 19 15:8715:100 993 4875 204 304 1223 130 337 549
positive(p402)::29 30 23 24 16 28 19:7619:1301 4547 157 291 864 169 290
positive(p428)::1 29 30 23 6 16 10 28 19 15:9298:104 971 4933 194 147 699 1227 64 452 507
positive(p251)::29 30 23 24 10 28 19 31:7982:1086 4674 204 304 1271 119 305 19
positive(p361)::0 2 3 5 7 8 11 13:6723:79 1176 1727 262 404 1660 1201 214
positive(p380)::1 29 30 23 24 10 28 19 15:8715:100 993 4875 204 304 1223 130 337 549
positive(p237)::22 2 3 7 8 9 11 12 13 14:7851:505 1030 1681 409 1717 565 1160 434 232 118
positive(p434)::1 29 30 23 10 28 19 15:8415:108 967 4869 204 1245 81 434 507
positive(p364)::29 30 23 24 16 28 19 31:7820:1294 4600 141 297 994 173 316 5
positive(p148)::22 3 7 8 17 18 14:5848:552 1875 430 1799 876 47 269
positive(p246)::0 2 3 7 8 27 11 12 13 14:6765:90 997 1479 404 1725 202 1168 396 157 147
positive(p101)::0 3 5 25 26 9 27 17 12 18:7124:238 1587 221 2203 127 728 380 898 698 44
positive(p35)::0 20 2 3 7 8 9 11 12 13 14:9275:212 1718 1044 1644 409 1691 664 1126 428 232 107
positive(p189)::29 30 23 6 10:7417:959 4828 194 145 1291
positive(p111)::22 2 3 7 8 11 12 13 14:7404:565 1046 1738 409 1718 1151 393 232 152
positive(p176)::22 20 2 3 7 8 11 12 13 14:8998:555 1652 1066 1710 415 1714 1121 392 232 141
positive(p54)::29 30 23 24 16 10 28 19:8887:1126 4708 184 304 903 1239 67 356
positive(p136)::1 29 30 23 24 16 10 28 19:8805:100 1037 4754 194 298 783 1214 63 362
positive(p406)::1 29 30 23 24 10 28 19 15:8715:100 993 4875 204 304 1223 130 337 549
positive(p155)::29 30 23 24 10 28 19 31:7982:1086 4674 204 304 1271 119 305 19
positive(p20)::0 20 2 3 7 8 9 27 11 12 13 14:9154:210 1722 1002 1327 409 1713 680 246 1160 426 157 102
positive(p143)::1 29 30 23 6 16 10 28 19 15:9372:111 963 4866 194 147 734 1290 65 488 514
positive(p269)::0 2 3 7 8 9 11 12 13 14:7574:212 1024 1642 404 1706 650 1156 430 232 118
positive(p159)::29 30 23 24 16 10 28 19:8767:1128 4691 194 298 815 1241 70 330
positive(p297)::1 30 23 24 16 10 28 15:8189:162 5067 169 200 763 1254 40 534
positive(p45)::0 20 2 3 7 8 9 27 11 12 13:9143:192 1812 1020 1270 409 1665 729 295 1164 431 156
positive(p295)::22 20 2 3 5 7 26 27 11 18:7314:523 1802 1198 1415 286 415 150 198 1271 56
positive(p114)::29 30 23 24 16 10 28 19:8741:1068 4752 194 298 783 1214 70 362
positive(p275)::1 29 30 23 21 6 16 10 15:9396:124 979 4996 161 275 155 913 1266 527
positive(p212)::29 30 23 24 16 10 28 19 15:9500:1126 4859 194 298 815 1222 73 329 584
positive(p109)::0 2 3 7 8 9 11 12 13 14:7598:212 1033 1640 409 1706 650 1168 430 232 118
positive(p374)::22 20 2 5 7 26 11 18:6012:525 1786 1434 286 415 146 1364 56
positive(p170)::0 2 3 7 8 27 11 12 18:6464:52 1012 1475 404 1667 243 1192 401 18
positive(p80)::1 29 30 23 21 24 16 10 28 19:8985:100 1016 4723 194 226 304 783 1214 63 362
positive(p411)::1 29 30 23 24 28 19 15:7577:127 1177 4696 152 298 235 295 597
positive(p419)::0 20 2 3 7 26 11 12 13:7045:103 1737 1136 1722 409 160 1139 408 231
positive(p85)::29 30 23 24 16 10 28 19:8741:1068 4752 194 298 783 1214 70 362
positive(p9)::29 30 23 24 10 28 19 15:8722:1084 4841 204 304 1248 136 305 600
positive(p33)::0 20 2 3 7 8 11 13 14:8236:98 1664 1156 1704 409 1705 1121 232 147
positive(p100)::1 29 30 23 24 16 28 19:7654:100 1107 4719 178 298 783 126 343
positive(p378)::29 30 23 28:6197:1115 4726 167 189
positive(p356)::1 30 4 21 24 16 10 15:8937:209 5107 300 302 213 896 1400 510
positive(p347)::1 29 30 23 24 16 10 28 19 15:9458:100 1034 4892 194 298 783 1196 67 361 533
positive(p223)::0 2 3 7 8 9 27 11 12 13 14:7460:210 982 1324 404 1731 666 247 1190 436 157 113
positive(p29)::1 29 30 23 21 6 10 28 19 15:8872:111 899 4833 194 216 168 1308 124 492 527
positive(p32)::0 20 2 3 7 8 9 27 11 12 13 14:9157:210 1756 1002 1275 409 1723 683 254 1160 426 157 102
positive(p319)::22 2 3 7 8 9 11 12 13 14:7837:508 1030 1651 409 1727 568 1160 434 232 118
positive(p56)::29 30 23 24 16 28 19:7619:1301 4547 157 291 864 169 290
positive(p413)::1 29 30 23 24 16 10 28 19 15:9458:100 1034 4892 194 298 783 1196 67 361 533
positive(p338)::0 2 3 7 8 9 11 12 13 14:7590:212 1024 1672 404 1695 647 1156 430 232 118
positive(p49)::0 20 2 3 7 26 9 11 12 18:7740:203 1808 1118 1659 409 139 747 1164 448 45
positive(p417)::29 30 23 24 16 10 28 19 15:9748:1148 4917 161 304 944 1274 63 356 581
positive(p306)::1 29 30 23 24 16 10 28 19:8805:100 1037 4754 194 298 783 1214 63 362
positive(p34)::29 30 23 24 10 28 19 15:8722:1084 4841 204 304 1248 136 305 600
positive(p36)::29 30 23 24 10 28 19 31:7982:1086 4674 204 304 1271 119 305 19
positive(p64)::0 20 2 3 7 8 9 27 11 12 13:9141:192 1779 1020 1322 409 1656 725 287 1164 431 156
positive(p345)::22 2 3 7 8 27 11 12 13 14:7238:533 1004 1482 409 1746 176 1185 399 157 147
positive(p235)::22 2 3 5 7 8 17 12 18 14:7370:567 1181 1771 261 407 1715 850 426 34 158
positive(p426)::22 2 3 7 26 27 11 12 13 14:5801:526 1045 1505 409 156 209 1223 421 157 150
positive(p46)::0 20 2 3 7 9 27 11 12 13 14:7633:239 1774 1036 1311 409 704 279 1183 437 157 104
positive(p178)::22 2 3 7 8 27 12 13 14:6243:533 1085 1529 409 1762 176 414 182 153
positive(p220)::22 20 2 3 7 8 9 27 11 12 18 14:9386:459 1727 1115 1317 415 1735 628 224 1187 433 48 98
positive(p330)::0 2 3 5 7 8 11 12 13 14:7172:92 1055 1703 262 409 1707 1187 390 215 152
positive(p22)::0 20 2 3 7 8 9 11 14:8697:205 1719 1108 1644 409 1706 646 1147 113
positive(p249):::0:
positive(p200)::0 20 3 7 9 27 11 12 13 14:7054:239 1729 1450 432 754 315 1297 551 154 133
positive(p138)::22 2 3 5 7 8 11 12 18 14:7557:563 1074 1736 277 415 1718 1207 393 22 152
positive(p25)::0 2 3 7 8 9 11 12 13 14:7574:212 1024 1642 404 1706 650 1156 430 232 118
positive(p185)::22 2 3 7 8 27 11 12 13 14:7238:533 1004 1482 409 1746 176 1185 399 157 147
positive(p206)::22 2 3 5 7 8 17 12 13:7354:575 1203 1796 247 407 1653 823 436 214
positive(p135)::1 29 30 23 24 10 28 19:8024:100 995 4737 204 304 1235 112 337
positive(p117)::0 2 3 7 8 9 27 11 12 13 14:7491:210 982 1376 404 1721 663 239 1190 436 157 113
positive(p213)::22 2 3 7 8 9 27 11 12 13 14:7695:473 988 1385 409 1743 581 213 1193 440 157 113
positive(p392)::0 20 3 7 8 9 27 11 12 13 14:8614:205 1708 1386 432 1780 729 294 1261 543 149 127
positive(p377)::0 2 3 7 8 9 27 11 12 13 14:7504:210 991 1357 409 1721 663 246 1201 436 157 113
positive(p288)::0 20 2 5 7 8 9 27 11 13:8233:216 1793 1194 234 409 1804 648 507 1288 140
positive(p232)::29 30 23 24 16 10 28 19 15:9531:1103 4780 194 298 850 1275 75 365 591
positive(p218)::29 30 23 24 16 10 28 19:8767:1128 4691 194 298 815 1241 70 330
positive(p57)::29 30 23 24 16 28 19 15:8420:1313 4712 157 291 864 173 287 623
positive(p342)::22 2 5 7 8 27 11 14:6259:530 1171 277 415 1892 455 1366 153
positive(p401)::29 30 23 24 19:6655:1146 4689 167 304 349
positive(p316)::30 23 6 10:6754:5002 148 206 1398
positive(p182)::22 2 3 7 8 27 11 12 13 14:7238:533 1004 1482 409 1746 176 1185 399 157 147
positive(p98)::0 3 5 25 26 27 11 12 18:6641:131 1667 269 2146 159 297 1389 565 18
positive(p115)::0 2 3 7 8 9 11 12 13 14:7598:212 1033 1640 409 1706 650 1168 430 232 118
positive(p279)::1 29 30 23 24 10 28 19 15:8715:100 993 4875 204 304 1223 130 337 549
positive(p119)::22 20 2 3 7 8 27 11 12 13 14:8835:522 1656 1101 1414 415 1739 186 1154 393 138 117
positive(p326)::22 20 3 5 25 9 17 18:8118:495 1836 1763 230 2241 598 881 74
positive(p171)::0 2 3 7 8 11 12 13 14:6924:146 1064 1668 404 1724 1139 425 213 141
positive(p375)::29 30 23 24 10 28 19 15:8722:1084 4841 204 304 1248 136 305 600
positive(p55)::0 20 2 3 5 7 26 9 27 17 12 18:7976:214 1934 1228 1387 238 404 126 710 308 880 490 57
positive(p177)::1 30 4 21 6 16 10 15:8954:209 5246 291 292 211 793 1400 512
positive(p195)::22 2 3 5 8 27 11 12 13 14:7113:533 1010 1482 262 1746 168 1226 399 140 147
positive(p199)::22 2 3 7 8 27 11 13 14:6930:537 1071 1431 409 1786 184 1202 157 153
positive(p183)::0 2 3 7 8 9 11 12 13 14:7614:212 1033 1670 409 1695 647 1168 430 232 118
positive(p354)::1 30 23 6 16 28 19 15:7341:189 4945 125 242 815 125 337 563
positive(p104)::0 3 5 25 9 11 12 18:7098:259 1690 232 2216 716 1361 592 32
positive(p221)::22 2 3 7 8 9 11 12 13 14:7837:508 1030 1651 409 1727 568 1160 434 232 118
positive(p131)::0 2 3 7 8 9 11 12 13 14:7676:213 1050 1640 409 1719 650 1216 434 223 122
positive(p359)::0 20 2 3 5 7 8 27 17 18:8104:84 1865 1277 1421 271 404 1671 196 859 56
positive(p61)::0 20 2 3 7 8 11 12 13 14:8556:92 1700 1077 1677 409 1703 1137 388 232 141
positive(p95)::0 2 3 5 25 26 9 11 12 13:8275:245 1176 1641 225 2263 146 668 1241 483 187
positive(p194)::22 2 3 7 8 9 11 12 13 14:7851:505 1030 1681 409 1717 565 1160 434 232 118
positive(p141)::1 29 30 4 21 6 16 10 28 19 15:9722:139 887 4851 259 275 144 784 1323 58 488 514
positive(p149)::29 30 23 24 16 28 19 15:8420:1313 4712 157 291 864 173 287 623
positive(p203)::0 2 3 5 7 8 27 11 12 13 14:7048:90 1002 1479 262 404 1725 194 1209 396 140 147
positive(p153)::22 20 2 3 5 7 8 27 11 13 14:8822:521 1677 1203 1393 271 415 1766 128 1205 121 122
positive(p407)::0 2 3 5 25 8 11 18:8446:104 1261 1691 277 2172 1688 1213 40
positive(p11)::29 30 23 21 24 28 19:6972:1141 4643 167 244 310 180 287
positive(p270)::0 2 3 7 8 9 11 12 13:7487:193 1059 1667 404 1644 693 1161 435 231
positive(p97)::22 3 5 25 26 9 27 17 18:6357:464 1491 240 2201 123 564 353 860 61
positive(p211)::22 2 3 5 7 8 9 11 12 13 14:8052:505 1037 1681 225 409 1717 510 1201 434 215 118
positive(p241)::1 29 30 4 6 10 28 19 15:8657:108 864 4822 275 165 1299 128 466 530
positive(p58)::29 30 23 24 16 10 28 19 15:9500:1126 4859 194 298 815 1222 73 329 584
positive(p302)::22 3 5 7 8 9 11 12 13 14:7377:502 1728 236 409 1774 528 1314 507 227 152
positive(p331)::29 30 23 24 16 10 28 19:8767:1128 4691 194 298 815 1241 70 330
positive(p37)::29 30 23 24 16 10 19 15:9479:1062 4906 184 304 883 1234 379 527
positive(p389)::22 20 2 5 25 26 9 17 18:8471:491 2050 1749 222 2279 120 627 859 74
positive(p21)::0 20 2 3 7 26 9 27 11 12 13 14:7858:239 1743 1061 1377 409 137 700 263 1231 437 157 104
positive(p383)::0 20 5 25 26 9 27 11 18:8086:226 1930 215 2245 122 842 847 1592 67
positive(p76)::22 20 2 5 25 26 27 11 18:8775:526 1930 1514 270 2152 144 811 1372 56
positive(p201)::22 2 3 7 8 9 11 12 18 14:7689:503 1043 1681 409 1717 585 1163 434 36 118
positive(p78)::22 20 2 5 7 8 27 17 18:8207:530 1956 1576 255 392 1857 721 860 60
positive(p264)::0 2 3 7 8 9 11 12 13 14:7574:212 1024 1642 404 1706 650 1156 430 232 118
positive(p429)::3 7 8 11 13 14:5691:1776 415 1802 1282 224 192
positive(p150)::22 2 3 7 8 11 13 14:7160:564 1142 1741 409 1745 1169 232 158
positive(p382)::0 20 2 3 5 7 8 27 11 18:8263:83 1810 1135 1347 286 409 1722 201 1217 53
positive(p3)::20 2 5 25 26 9 27 11 18:8576:1899 1338 249 2228 134 676 644 1338 70
positive(p53)::0 20 2 3 7 8 9 11 12 13:9272:212 1770 1079 1614 409 1704 687 1131 434 232
positive(p263)::0 2 3 7 8 11 13 14:6596:98 1106 1735 404 1711 1152 232 158
positive(p254)::29 30 23 24 10 28 19 15:8722:1084 4841 204 304 1248 136 305 600
positive(p260)::0 2 3 7 8 9 11 12 13:7487:193 1059 1667 404 1644 693 1161 435 231
positive(p334)::22 2 3 7 8 9 11 12 13 14:7851:505 1030 1681 409 1717 565 1160 434 232 118
positive(p322)::0 20 2 3 7 8 11 13:8117:79 1721 1191 1699 409 1657 1130 231
positive(p184)::8:2075:2075
positive(p152)::0 20 5 25 8 9 27 18:8404:186 2013 234 2212 1922 756 1014 67
positive(p393)::29 30 23 24 28 19 15:7565:1266 4682 143 304 238 288 644
positive(p303)::1 29 30 23 6 16 10 28 19 15:9300:100 992 4918 194 156 777 1187 64 379 533
positive(p191)::29 30 23 24 10 28 19:7960:1026 4735 204 304 1235 119 337
positive(p75)::0 2 3 5 7 8 27 11 12 18 14:6944:71 1000 1479 277 404 1725 194 1233 396 18 147
positive(p244)::22 20 2 3 7 11 13 14:7105:554 1670 1196 1724 415 1162 232 152
positive(p421)::30 23 6 16 10 28 19 15:8777:5178 128 216 855 1359 38 446 557
positive(p88)::1 29 30 23 24 10 28 19 31:8034:100 995 4737 204 304 1244 112 337 1
positive(p240)::1 29 30 23 6 16 10 15:9079:124 1000 5011 170 152 824 1268 530
positive(p144)::20 3 7 8 27 11 12 18 14:7666:1653 1556 437 1805 245 1267 503 35 165
positive(p362)::0 2 3 5 25 8 11 18:8350:109 1167 1665 277 2180 1699 1213 40
positive(p267)::1 29 30 23 24 16 10 19 15:9404:108 981 4888 194 298 807 1245 353 530
positive(p289)::0 20 2 3 5 7 26 27 11 18 14:7071:140 1738 1252 1446 286 409 158 181 1252 53 156
positive(p137)::29 30 23 24 16 28 19 15:8438:1313 4719 157 291 864 181 290 623
positive(p167)::1 30 23 6 16 10 15:8450:173 5268 160 218 819 1309 503
positive(p84)::1 29 30 23 24 10 28 19 31:8034:100 995 4737 204 304 1244 112 337 1
positive(p386)::0 20 3 5 25 26 9 27 17 18 14 31:8194:277 1817 1467 230 2147 120 647 302 879 70 235 3
positive(p156)::29 30 23 24 28 19:6811:1249 4531 143 304 220 364
positive(p357)::1 29 30 23 24 10 28 19 31:8034:100 995 4737 204 304 1244 112 337 1
positive(p280)::1 29 30 23 24 16 10 28 19:8805:100 1037 4754 194 298 783 1214 63 362
positive(p127)::29 30 23 24 10 28 19 31:7970:1026 4735 204 304 1244 119 337 1
positive(p196)::1 29 30 23 24 10 28 19:8024:100 995 4737 204 304 1235 112 337
positive(p266)::0 2 3 7 8 11 12 13:6691:73 1074 1730 404 1645 1139 395 231
positive(p400)::29 30 24 16 10 28 19:8511:1068 4691 298 824 1230 70 330
positive(p105)::5 7 8 11 18:4173:288 415 1943 1483 44
positive(p154)::22 2 3 5 7 8 27 11 18:7012:541 1137 1456 277 409 1718 159 1271 44
positive(p283)::1 29 30 23 24 16 10 28 19:9015:102 1068 4829 161 304 896 1214 53 388
positive(p227)::22 2 3 5 7 8 9 27 11 12 18 14:7851:471 1006 1385 240 409 1743 545 205 1258 440 36 113
positive(p368)::0 20 2 3 5 7 26 27 11 12 13 14:7354:135 1749 1065 1438 271 409 158 236 1210 405 131 147
positive(p26)::0 2 3 7 8 11 12 13 14:6874:92 1039 1735 404 1696 1134 390 232 152
positive(p197)::22 2 3 5 7 8 9 27 17 12 18 14:7610:474 1129 1391 229 407 1738 543 212 847 473 48 119
positive(p65)::0 20 2 3 7 8 9 27 12 13:8188:195 1834 1101 1359 409 1671 705 287 450 177
positive(p16)::29 30 23 24 16 10 28 19:8763:1128 4691 194 298 815 1230 78 329
positive(p298)::0 20 2 3 5 7 8 11 13 14:8535:98 1713 1133 1677 271 409 1718 1154 215 147
positive(p372)::0 20 2 3 7 8 11 12 13 14:8533:93 1713 1060 1677 409 1716 1105 392 223 145
positive(p110)::0 2 3 7 8 9 11 12 13 14:7598:212 1033 1640 409 1706 650 1168 430 232 118
positive(p337)::22 2 3 5 7 26 9 27 11 12 18:6382:460 1066 1450 240 409 135 585 230 1302 469 36
positive(p309)::1 29 30 23 24 16 10 28 19:8805:100 1037 4754 194 298 783 1214 63 362
positive(p27)::0 2 3 7 8 9 27 11 12 13 14:7491:210 982 1376 404 1721 663 239 1190 436 157 113
positive(p77)::22 20 2 3 5 25 26 27 17 18:9003:526 1892 1428 1438 271 2122 138 222 906 60
positive(p44)::0 2 3 7 8 9 11 12 13 14:7590:212 1024 1672 404 1695 647 1156 430 232 118
positive(p281)::22 2 3 7 8 11 12 18:7056:573 1094 1733 409 1667 1159 399 22
positive(p4)::22 20 2 3 5 25 26 9 27 11 13:9552:464 1811 1240 1318 234 2197 129 556 225 1263 115
positive(p412)::0 2 3 5 7 8 27 11 12 13:6888:72 1020 1475 262 404 1667 235 1213 401 139
positive(p50)::29 30 23 24 10 28 19 31:7970:1026 4735 204 304 1244 119 337 1
positive(p424)::22 20 2 3 5 7 8 9 27 11 12 18 14:9539:461 1741 1028 1336 249 415 1735 562 212 1220 430 48 102
positive(p31)::29 30 23 24 10 28 19 31:7982:1086 4674 204 304 1271 119 305 19
positive(p122)::29 30 23 24 16 10 28 19 15:9394:1066 4890 194 298 783 1196 73 361 533
positive(p116)::22 2 3 7 8 12 13 14:6351:553 1163 1674 415 1794 418 177 157
positive(p405)::29 30 23 24 16 10 28 19 15:9617:1124 4875 184 304 903 1221 70 355 581
positive(p217)::0 20 2 3 5 25 11 12 18 14:8921:146 1750 1184 1640 286 2149 1167 422 31 146
positive(p265)::0 2 3 7 8 9 11 12 13 14:7574:212 1024 1642 404 1706 650 1156 430 232 118
positive(p210)::0 20 2 3 7 8 27 11 12 13:8262:72 1724 1035 1426 409 1659 249 1141 391 156
positive(p317)::22 3 5 7 8 9 27 17 18 14 31:6260:462 1504 221 430 1817 530 201 816 61 209 9
positive(p385)::0 20 2 5 25 26 9 27 17 18:9107:231 2029 1664 222 2215 121 765 909 881 70
positive(p2)::29 30 23 24 10 28 19:7952:1086 4674 204 304 1260 119 305
positive(p314)::30 23 24 16 10 28 19 15:8343:4908 169 187 813 1301 51 329 585
positive(p23)::0 2 3 7 8 9 12 13 14:6586:215 1114 1707 409 1711 627 444 235 124
positive(p318)::0 3 7 8 11 12 13 14:6225:92 1804 426 1765 1220 491 229 198
positive(p320)::0 2 3 7 8 9 11 12 13 14:7574:212 1024 1642 404 1706 650 1156 430 232 118
positive(p8)::29 30 23 24 10 28 15:8507:1091 4920 181 304 1287 124 600
positive(p430)::0 2 3 7 8 17 12 14:6619:109 1138 1798 402 1695 889 426 162
positive(p142)::1 29 30 23 6 16 10 28 15:8877:111 963 4903 194 121 734 1277 60 514
positive(p87)::1 29 30 23 24 16 10 28 19:8805:100 1037 4754 194 298 783 1214 63 362
positive(p353)::22 20 5 7 8 9 27 11 13 14:8080:456 1853 212 436 1991 649 709 1484 148 142
positive(p242)::0 2 3 7 8 27 11 12 18 14:6627:71 994 1479 404 1725 202 1191 396 18 147
positive(p216)::22 20 2 5 25 26 27 17 18 14:8554:516 1979 1679 255 2089 133 760 906 60 177
positive(p69)::0 2 3 7 8 9 11 13 14:7255:217 1129 1667 409 1707 584 1186 232 124
positive(p51)::0 20 2 3 7 8 9 27 11 12 13 14:9154:210 1722 1002 1327 409 1713 680 246 1160 426 157 102
positive(p399)::22 20 2 3 5 7 26 9 11 12 13:8421:492 1809 1210 1648 234 415 130 590 1199 503 191
positive(p157)::29 30 23 6 10 28 19 31:7872:1042 4716 194 177 1260 112 352 19
positive(p253)::0 20 2 3 5 7 8 9 11 12 13 14:9490:212 1732 1050 1644 234 409 1691 609 1159 428 215 107
positive(p396)::0 20 2 7 26 9 27 12 13 14:6006:237 1838 1295 409 122 787 594 455 163 106
positive(p403)::1 30 4 6 16 10 19 15:9088:181 5150 293 244 829 1389 492 510
positive(p358)::1 29 30 23 24 10 28 19 31:8034:100 995 4737 204 304 1244 112 337 1
positive(p255)::0 2 3 7 8 11 12 13:6691:73 1074 1730 404 1645 1139 395 231
positive(p277)::1 29 30 23 24 10 28 31:7681:100 951 4793 204 307 1218 107 1
positive(p179)::2 3 7 8 27 12 13 14:5690:1078 1475 409 1773 211 414 177 153
positive(p282)::1 30 23 6 10 19:7565:201 5126 138 258 1393 449
positive(p391)::3 5 25 26 9 27 17 12 18:6762:1521 221 2206 120 698 340 897 711 48
positive(p238)::0 2 3 5 7 26 9 17 13:5700:247 1350 1745 214 402 141 572 819 210
positive(p72)::30 4 21 6 16 19 15:7669:4848 305 287 245 957 440 587
positive(p130)::2 3 7 9:3854:1225 1601 415 613
positive(p145)::22 3 5 7 8 11 12 18:6646:566 1770 269 437 1747 1326 509 22
positive(p336)::1 29 30 23 24 16 28 19:7716:127 1209 4618 157 291 832 163 319
positive(p134)::1 29 30 23 24 16 10 28 19 15:9458:100 1034 4892 194 298 783 1196 67 361 533
positive(p204)::0 2 3 7 8 11 12 13 14:6874:92 1039 1735 404 1696 1134 390 232 152
positive(p394)::4 24 10 28 19:2604:326 310 1345 121 502
positive(p256)::0 2 3 7 8 11 12 18 14:6640:72 1036 1735 404 1696 1137 390 18 152
positive(p73)::0 20 2 3 7 8 9 27 11 12 13 14:9157:210 1756 1002 1275 409 1723 683 254 1160 426 157 102
positive(p397)::0 20 2 3 5 7 26 9 27 11 13 14:7718:270 1776 1222 1341 234 409 137 590 239 1250 112 138
positive(p236)::1 29 30 23 24 16 10 19 15:9404:108 981 4888 194 298 807 1245 353 530
positive(p38)::29 30 23 24 10 28 19 15:8827:1089 4900 171 311 1301 126 331 598
