positive(p60)::2 3 6 10 7 5 4 8:6749:1837 1300 1170 975 838 312 238 79
positive(p239)::16 19 15 14 9 12 13 11:4326:1243 928 714 535 359 353 133 61
positive(p208)::16 1 15 21 22 9:7293:2163 1851 1681 1157 243 198
positive(p147)::24 5 6 17 14:4768:2497 1012 877 269 113
positive(p170)::2 7 6 12 5 0 26:5644:2033 1185 993 727 306 204 196
positive(p247)::24 6 14 29 13:3533:1753 1140 438 177 25
positive(p9)::2 24 20 10 12 6 7 4 29 26:9231:1968 1683 1624 1323 666 621 597 430 177 142
positive(p13)::16 15 19 21 26 12 9:5765:1233 1081 816 810 757 652 416
positive(p253)::2 24 6 11 17 5 31:8184:2236 2041 1099 1065 705 576 462
positive(p243)::16 23 19 15 9 32:6467:2398 1758 1016 917 339 39
positive(p222)::24 33 10 13 12 3 6 7 5:10188:1857 1841 1269 1267 1032 963 761 656 542
positive(p209)::2 33 6 10 3 18 7 22 32:8956:2351 1490 1262 1112 1080 776 507 322 56
positive(p47)::3 6 17 1 18 35:4547:1958 1262 574 334 320 99
positive(p166)::16 15 19 0 25 17 22:5440:1377 1142 846 834 805 316 120
positive(p179)::24 10 14 6 13 7 32 29:5995:1499 857 818 754 721 637 458 251
positive(p34)::2 33 24 36 10 20 6 22:10315:2796 1874 1568 1492 1473 542 517 53
positive(p118)::33 24 2 36 20 10 3 29 22:11689:2379 2378 2075 1451 1254 1253 761 97 41
positive(p75)::0 25 15 1 19 21 31:8384:2835 1565 1123 994 665 662 540
positive(p11)::15 16 21 25:6851:2368 2241 1510 732
positive(p176)::24 33 2 12 3 7 35:7600:1955 1871 1370 1228 759 345 72
positive(p235)::0 21 31 25 32:6967:2894 1384 1286 1162 241
positive(p45)::33 20 7 6 5 18:6403:1904 1738 1123 677 621 340
positive(p257)::21 16 19 28 31 25:5598:1350 1083 1016 944 656 549
positive(p27)::16 15 21 19 12 9 22 31:7151:2104 1697 934 932 557 505 359 63
positive(p215)::34 16 19 26 15 9:6913:2207 1792 958 845 843 268
positive(p114)::23 15 16 28 19 25 26 17:7446:2071 1030 1006 915 820 807 783 14
positive(p160)::24 4 36 10 14 7 29 22:10203:2351 1990 1847 1418 1364 822 251 160
positive(p225)::16 34 19 25 12 17 26:5928:1935 1488 1140 518 436 288 123
positive(p237)::16 23 15 21 19 12 9:8357:2479 1683 1591 825 717 645 417
positive(p229)::16 27 19 28 9 4 14:5266:1858 1074 972 694 308 201 159
positive(p218)::15 1 25 23 21 22 14 17:6124:1995 1000 966 945 694 399 82 43
positive(p184)::16 15 1 19 9:5539:2120 1147 1095 849 328
positive(p165)::15 34 16 1 25 14 17:8104:2345 1932 1750 1062 795 209 11
positive(p108)::33 24 36 10 20 7 14 29:10784:2499 2409 1823 1444 1192 733 507 177
positive(p220)::15 16 26 25 19 1 21:5221:1125 1119 1110 767 700 247 153
positive(p98)::24 20 5 6 10 14 17:5926:2169 1168 992 698 371 338 190
positive(p265)::11 10 4 6 21 8:6694:2500 2148 1084 693 190 79
positive(p109)::24 20 5 14 6 10 12:6353:2288 1278 1006 624 617 506 34
positive(p178)::33 11 36 18 7 6:7946:2640 1773 931 928 863 811
positive(p169)::16 15 21 19 12 9 22 31:7151:2104 1697 934 932 557 505 359 63
positive(p132)::24 3 6 5 17:5200:2163 1186 981 646 224
positive(p226)::34 15 16 25 12:6862:2588 1679 1627 567 401
positive(p100)::16 23 1 19 25 14:5832:1569 1509 969 908 620 257
positive(p191)::16 23 19 25 21 12 17:6020:2058 1642 955 570 447 248 100
positive(p267)::15 1 26 16 25 13:6595:1627 1463 1435 1036 774 260
positive(p121)::33 10 7 6 18 35 23:5808:2613 1193 912 706 332 34 18
positive(p171)::21 27 19 28 15 0 9:6519:2119 975 913 877 752 662 221
positive(p230)::16 23 34 15 1 27 26 9:9823:2733 1790 1487 1107 1061 829 555 261
positive(p124)::0 16 19 15 9 31:4378:1728 1052 766 351 306 175
positive(p177)::33 2 10 24 3 12 6 7 35:11407:2794 1955 1885 1628 1126 933 610 448 28
positive(p164)::33 24 20 10 13 3 6 7 29 32:9076:1654 1585 1374 1218 1018 957 705 418 77 70
positive(p159)::16 27 1 34 9:7605:2527 1771 1678 1308 321
positive(p172)::33 7 12 10 13 6 18 35:7265:1560 1279 1046 1018 992 991 345 34
positive(p105)::24 10 13 6 7 5 4 32:6811:1801 1302 909 711 678 570 534 306
positive(p205)::2 24 10 36 6 7 5:8701:2856 1691 1303 1025 670 646 510
positive(p66)::20 24 3 13 6 36 7 5:9059:2021 1612 1254 1088 960 848 708 568
positive(p79)::15 16 34 1 19 25 26:7350:1612 1342 1325 1137 824 650 460
positive(p22)::16 19 15 21 26 9 32:5165:1747 1010 909 673 381 330 115
positive(p54)::34 15 25 19 0 17:6538:1474 1405 1404 975 853 427
positive(p94)::24 3 6 5 7:5279:1960 1242 893 779 405
positive(p117)::11 10 24 6 31 17 13:7337:2381 1557 1264 821 636 443 235
positive(p17)::33 10 2 24 11 3 12 6 7 29:12538:2709 2024 1856 1628 1316 1016 830 641 448 70
positive(p125)::23 19 15 9:3532:1664 1307 388 173
positive(p48)::24 6 11 5 17 1:4896:2525 800 656 646 257 12
positive(p41)::10 11 24 36 6:7048:2024 1925 1802 876 421
positive(p269)::34 16 15 25 31:8168:2686 2507 1707 742 526
positive(p266)::15 34 23 28 16 25 17 14:9633:2202 2081 1611 1534 1276 702 206 21
positive(p77)::16 34 19 1 9 22 31:6179:2243 1317 1106 840 505 111 57
positive(p78)::34 15 16 26 19 25 1:6932:1519 1482 1101 823 771 738 498
positive(p153)::23 16 1 26 15 13 19 9:8676:1944 1762 1170 1153 911 780 715 241
positive(p72)::1 16 15 25 19 22 14:7877:2357 2033 1099 1070 734 322 262
positive(p10)::24 36 33 10 2 14 7 35:10200:2342 2097 1840 1424 988 938 543 28
positive(p89)::19 16 25 15 14:4187:1095 948 872 689 583
positive(p190)::33 36 13 7 3 10 6 5 18 22:10174:2063 1485 1350 1213 1161 990 907 577 244 184
positive(p3)::20 6 32 13 10 17 31 8:6539:1250 1227 1181 1050 831 577 344 79
positive(p43)::15 19 26 25 16 21 22 32:5500:1232 1044 848 704 645 603 397 27
positive(p236)::24 33 36 10 35:7989:2643 2558 1404 1350 34
positive(p232)::11 10 24 4 6 7:8459:3211 2276 1250 1071 425 226
positive(p95)::24 10 4 6 26 32 29:6370:2395 1953 1093 312 227 213 177
positive(p107)::23 16 1 19 25 21 22:5755:1490 1245 1014 976 512 385 133
positive(p128)::16 23 15 34 19 9:7939:1935 1775 1599 1476 755 399
positive(p74)::34 16 19 0:5078:1734 1496 966 882
positive(p227)::10 7 4 3 13 5 18 32:5745:1235 1034 953 897 851 588 150 37
positive(p38)::3 20 6 13 17 36:7954:2280 2041 1343 1253 543 494
positive(p76)::2 24 10 36 11 6 7 35:9044:2792 1545 1472 1032 896 681 598 28
positive(p256)::25 0 19 15 17:4779:1533 1165 1052 702 327
positive(p142)::16 26 15 19 9 12:5508:2660 860 836 774 249 129
positive(p12)::15 16 21 23 9 22:8303:2272 2080 1828 1340 464 319
positive(p18)::33 10 24 14 12 6 22:9456:3950 2423 1930 606 314 134 99
positive(p111)::33 36 2 24 3 7:9958:2633 2096 1922 1709 1362 236
positive(p130)::24 4 20 10 14 6 29 17:6694:2220 1390 1048 949 488 326 251 22
positive(p1)::2 24 6 3 33 7 35:6071:2009 1478 1018 866 413 215 72
positive(p61)::34 15 28 25 17 26:6696:2192 2000 1310 966 139 89
positive(p216)::16 34 19 26 9 32:5477:1857 1528 1302 345 329 116
positive(p219)::16 1 23 15 9:7464:2017 2016 1909 1221 301
positive(p137)::19 15 25 0 17 26 13:4314:1124 1042 921 671 413 109 34
positive(p185)::23 28 26 19 15 13 9:7249:2180 1430 1251 1163 664 429 132
positive(p39)::34 19 15 16 25 32:5917:2537 929 854 736 714 147
positive(p214)::33 24 10 20 7 6 3 35:6844:2017 1642 1123 1022 418 390 198 34
positive(p143)::7 10 6 5 14 12 18:5710:1502 1299 909 657 518 505 320
positive(p145)::2 10 6 36 5 8:6147:3134 1304 954 510 166 79
positive(p55)::16 15 19 21 9 32 26:5143:1757 1200 1086 496 330 173 101
positive(p23)::16 1 19 26 25 4:6232:1857 1771 1053 914 618 19
positive(p104)::2 24 20 36 10 3 4 7 6 35:10722:2571 1655 1591 1170 1108 1029 548 512 510 28
positive(p268)::16 19 9 31 4:4193:2138 1068 396 374 217
positive(p56)::15 19 34 25 26 1:5163:1408 1024 1008 962 528 233
positive(p206)::23 27 16 28 25 26:7827:1979 1852 1644 1349 572 431
positive(p26)::19 15 25 16:3122:1115 831 706 470
positive(p195)::28 25 26 19 15 11 13:6955:1361 1345 1294 1249 902 412 392
positive(p141)::33 24 36 7 6 3 29:6055:1860 1751 1239 596 434 98 77
positive(p161)::33 11 10 6 7 22:8689:2733 2672 1836 723 720 5
positive(p116)::23 16 15 19 25 13 14:7271:2153 1668 1467 866 625 275 217
positive(p228)::33 10 11 24 2 12 7 22:11981:2884 2689 1936 1789 1742 435 321 185
positive(p136)::34 16 19 9 22:4659:1446 1410 1217 460 126
positive(p252)::16 19 26 15 21 9:5123:1514 958 806 776 761 308
positive(p244)::24 33 14 12 29:6474:2608 1987 880 822 177
positive(p20)::27 34 16 25 12 26 17 22:6584:1924 1909 1183 517 447 297 289 18
positive(p30)::0 1 19 15 28 9:4720:1671 1147 920 714 240 28
positive(p204)::10 2 24 4 6 12 22:7724:2424 2085 1779 598 457 338 43
positive(p250)::2 33 24 36 20 10 6 7 29:10898:2345 1682 1676 1457 1336 1139 551 535 177
positive(p180)::34 23 16 15 19 25 14:7489:1900 1655 1161 1110 818 773 72
positive(p154)::0 19 25 32:5755:2237 1382 1364 772
positive(p139)::34 15 16 26 25 19 1:7308:1571 1491 1423 818 775 775 455
positive(p63)::26 15 16 25 19 1 21:4899:1116 1116 807 729 696 299 136
positive(p28)::23 16 1 19 14 15 9:7049:1753 1699 1450 690 684 532 241
positive(p85)::16 34 1 25:6588:2498 1870 1584 636
positive(p156)::34 15 16 26 25 19 1:7308:1571 1491 1423 818 775 775 455
positive(p262)::33 24 10 20 7 6 3 29:6919:2076 1642 1103 1062 420 390 149 77
positive(p182)::33 24 2 10 20 12 7 29:10008:2136 2019 1802 1361 1265 774 474 177
positive(p6)::0 34 15 16 1 25 31:10978:2786 2140 1822 1677 1409 798 346
positive(p113)::2 20 24 36 17 14:9063:3134 2145 1973 1505 241 65
positive(p91)::21 16 15 25 19 22 12:6409:1477 1470 1367 812 726 351 206
positive(p90)::33 10 24 36 3 7 6:9241:3035 2262 1505 1274 523 453 189
positive(p140)::34 15 16 25 22 12 17:8379:2563 2546 2084 843 250 73 20
positive(p251)::24 10 4 5 3 6 7:7269:1930 1448 1132 986 884 466 423
positive(p245)::19 23 4 9 12:3284:1350 1130 321 281 202
positive(p106)::10 24 11 6 32 7 13:6625:2323 1174 1118 775 592 390 253
positive(p211)::2 6 36 20 7 10 14:8850:3594 1232 1197 1133 820 682 192
positive(p264)::23 26 16 19 15 25 13:7800:2235 1393 1313 945 805 802 307
positive(p51)::33 2 3 11 24 6 12 7 22:10262:2668 2177 1687 1257 936 739 477 273 48
positive(p73)::21 0 16 19 15 31 9:6823:1833 1609 1410 603 596 408 364
positive(p88)::27 16 9 31:4992:2115 1890 509 478
positive(p207)::1 25 19 15 14:4908:1767 1215 994 654 278
positive(p223)::34 16 19 25 26 17:4877:1857 1175 907 643 197 98
positive(p197)::16 1 19 9:6050:2738 2045 985 282
positive(p259)::2 6 18 12 14:6978:3223 1672 1038 685 360
positive(p99)::0 15 25 16 17:5099:2187 1328 722 687 175
positive(p83)::3 13 24 10 20 36 6 17:8581:1712 1310 1281 1105 1059 843 809 462
positive(p138)::20 24 6 7 5 13 4 32 22:7119:2232 1912 750 652 647 538 273 97 18
positive(p198)::1 23 16 19 25:6239:1647 1607 1518 957 510
positive(p5)::0 1 19 15 22 9:4768:1764 1143 955 793 85 28
positive(p151)::26 15 1 16 19 25 13:6347:1741 908 839 817 772 729 541
positive(p167)::16 23 1 15 13 19 14 9:9005:2598 1754 1336 1082 736 681 576 242
positive(p69)::15 19 25 1 21:4132:1244 1098 841 529 420
positive(p200)::2 24 6 14 32 17 35:7229:2773 1868 1210 654 566 86 72
positive(p193)::1 23 16 15 25 14:8274:2141 1792 1591 1238 937 575
positive(p231)::2 24 36 10 4 20 7 22:9486:2230 1910 1879 1680 777 567 360 83
positive(p58)::34 15 16 25 1 28 19:7626:1928 1345 1290 898 848 734 583
positive(p181)::15 28 1 16 25 26 21:7137:2180 1522 1134 884 635 527 255
positive(p96)::24 3 6 5 11 7 4 13:6693:2033 1779 866 647 568 399 318 83
positive(p32)::0 16 21 31 9 17:7631:2430 2189 1481 951 462 118
positive(p42)::34 16 15 0 19 25 17:7433:1724 1715 1390 839 814 771 180
positive(p213)::34 15 16 19 25 32:6474:1685 1540 1200 1076 625 348
positive(p80)::16 1 15 25 21 26 19:6710:1620 1079 1018 926 798 743 526
positive(p120)::2 10 24 3 20 32 6 4 22:9972:2954 1508 1304 1275 963 659 597 550 162
positive(p62)::10 24 2 4 32 7 22:7266:2493 1793 1714 895 171 126 74
positive(p119)::27 0 21 19 16 25:6423:1619 1578 1239 803 774 410
positive(p203)::24 33 20 10 13 6 7 5 32:8551:1727 1486 1336 1210 732 663 607 539 251
positive(p19)::0 16 34 1 27 19 31 9:9531:1829 1779 1525 1319 1159 840 748 332
positive(p97)::16 1 0 19 31 15 9:8112:2348 2314 2020 631 376 213 210
positive(p238)::33 11 10 24 3 6 7:10570:2839 2580 2226 1262 1033 474 156
positive(p189)::16 19 0 9:4205:2394 1018 463 330
positive(p92)::2 20 24 32 17:8495:3081 2378 1713 859 464
positive(p224)::2 24 33 10 3 6 22 32 35:8762:2347 1810 1222 1122 1092 716 220 205 28
positive(p82)::11 10 24 4 3 6 7:9146:2553 2241 1283 1272 1180 474 143
positive(p174)::16 1 0 34 19 9:7347:1778 1552 1540 1270 919 288
positive(p148)::33 11 10 24 3 6 7:10570:2839 2580 2226 1262 1033 474 156
positive(p188)::15 25 28 21 1 23 31:7826:2210 1494 1428 949 837 700 208
positive(p212)::23 16 28 19 21 9 32:7209:1809 1729 1210 1104 523 467 367
positive(p194)::2 10 24 11 32 6 17:9685:3177 1988 1414 1111 922 839 234
positive(p53)::19 15 0 28 17 9:2867:1057 591 546 308 243 122
positive(p149)::33 20 10 6 26 18 29 12:6334:2492 1474 900 678 235 209 177 169
positive(p50)::24 4 36 10 7 35:7185:2200 1461 1419 1405 666 34
positive(p129)::34 23 15 19 25 12 17:6484:1639 1307 1304 1012 893 301 28
positive(p254)::34 16 23 15 25 19 1:6751:1868 1196 1075 1060 798 520 234
positive(p127)::33 24 10 3 13 6 7 22 29:8239:1993 1560 1217 1187 910 764 325 206 77
positive(p93)::33 10 24 3 13 6 5 7:9340:2099 1931 1883 1180 632 601 539 475
positive(p249)::33 20 18 6 7 14 12:8562:2570 1488 1104 944 932 765 759
positive(p261)::1 16 25 26 15 19:6614:2191 1239 1020 789 693 682
positive(p196)::16 23 19 13 9 14:6541:2238 2202 1130 453 442 76
positive(p68)::2 20 17 29 8:6731:3237 2713 493 251 37
positive(p52)::23 34 16 28 15 19 25 26:10443:1877 1863 1496 1491 1314 841 810 751
positive(p71)::33 24 10 5 20 6 7 13:8187:2168 1647 1132 904 852 679 467 338
positive(p246)::24 20 10 5 13 6 4 32 17:8766:2166 1723 1116 860 691 690 638 611 271
positive(p31)::20 7 6 32 10 5 18:5300:1387 1255 937 685 501 288 247
positive(p241)::36 10 13 7 6 18 4 22:7118:1324 1202 1097 1028 718 698 679 372
positive(p155)::23 16 19 15 9 13:5121:1805 1424 983 562 315 32
positive(p81)::33 24 36 10 5 20 7 6 3:9640:2779 1932 1106 1074 833 774 648 272 222
positive(p144)::34 19 23 27 9 22 32 4:5808:1863 1319 1143 1043 202 202 27 9
positive(p8)::24 10 4 20 5 7 6:6133:1781 1050 1035 700 621 531 415
positive(p199)::0 27 25 19 21 31 17:8461:2442 1485 1241 1099 1097 914 183
positive(p192)::33 24 10 36 3 22 6:8651:3023 1647 1544 1444 458 299 236
positive(p157)::33 10 24 3 6 12:8994:3765 2268 1644 764 290 263
positive(p260)::16 19 26 25 13 17:4803:1563 1184 1057 510 332 157
positive(p65)::27 16 21 0 31 28 9:8632:1776 1744 1668 1307 1065 610 462
positive(p86)::27 21 19 15 26 9 36:5061:1096 1079 947 861 540 298 240
positive(p217)::16 15 19 17 9 0 26:3940:1317 864 844 293 241 207 174
positive(p64)::16 27 19 25 21:4784:1340 1276 899 651 618
positive(p168)::34 23 16 28 19 9 31 32 4:8557:1742 1693 1637 1295 1132 417 336 245 60
positive(p201)::0 1 25 31 17:5836:2630 1702 843 462 199
positive(p25)::23 19 15 28 14 22 9 12:5588:1856 1162 932 704 278 249 240 167
positive(p70)::11 6 31 18 17 1:6089:2283 1295 949 864 572 126
positive(p46)::34 16 28 15 19 9 12:7976:2530 1787 1332 1166 654 266 241
positive(p103)::23 16 15 19 25 13 14:7614:1861 1834 1291 981 814 456 377
positive(p7)::20 7 6 32 13 18 5:7044:2460 1196 1141 858 847 279 263
positive(p162)::36 24 4 14 7 22:7416:2331 1856 1306 1190 568 165
