positive(p94)::0 1 2 3 4 6 8 9 10 11 12 13 18 19 21:5356:115 356 693 47 508 701 28 1338 551 26 611 74 130 91 87
positive(p24)::28 30 31 33 34 11 35 13 21:5419:506 710 848 1625 820 13 658 163 76
positive(p300)::25 26 27 29 42 43 44 45 46 47 48 38 39 49:11111:447 573 17 65 1211 1208 2215 1107 8 1206 2575 270 157 52
positive(p14)::0 50 5 6 52 8 9 34 11 35 18 19 21:5222:115 735 2 718 725 26 1382 561 26 611 142 94 85
positive(p91)::54 1 50 3 4 6 8 12 13 18:4641:123 423 1414 155 620 1014 67 601 74 150
positive(p62)::0 59 3 4 5 6 33 34 11 35 13:5615:156 359 47 558 73 998 1657 951 16 637 163
positive(p382)::25 26 27 51 29 42 43 61 44 57 62 63 64 38 39 49:9034:437 428 17 551 25 1084 1322 37 2339 868 4 1349 114 233 174 52
positive(p214)::54 59 2 3 4 5 6 31 33 10 11 12 13 18 19:6656:124 338 975 47 519 82 851 820 1415 567 26 587 74 144 87
positive(p392)::24 26 27 51 66 43 44 57 63 64 48 38 39 49:11014:221 536 17 559 824 1161 2318 964 1287 134 2521 249 176 47
positive(p128)::0 2 5 6 31 33 34 12 68 18 19 21:5975:124 975 62 828 803 1413 600 572 254 143 94 107
positive(p160)::54 59 4 52 8 9 34 12 13 19 21:5303:137 354 553 754 28 1572 689 645 294 132 145
positive(p356)::24 25 26 27 51 42 43 60 44 45 47 48 38 39 49:11844:221 433 563 17 567 1235 1190 42 2211 1103 1175 2603 259 173 52
positive(p284)::25 26 27 29 32 44 57 46 63 47 48 38 39 49:9602:449 586 17 32 14 2166 913 8 1268 1206 2489 260 153 41
positive(p339)::26 27 55 42 43 44 57 62 47 48 38 39 49:10545:563 17 113 1226 1202 2216 899 3 1200 2654 267 138 47
positive(p162)::54 69 2 28 30 31 32 46 68 18 19:4675:112 664 958 492 787 886 8 1 395 189 183
positive(p301)::25 26 27 67 42 7 32 44 57 72 63 47 48 38 39 49:12452:449 563 17 547 1212 996 14 2212 946 20 1238 1163 2578 270 175 52
positive(p278)::71 25 26 27 67 29 66 60 44 45 70 64 48 38 39 49:10220:2 436 556 17 554 28 783 36 2286 1134 1195 155 2551 257 185 45
positive(p290)::24 25 26 27 51 55 42 43 61 44 57 11 63 47 48 38 39 49:12865:255 436 565 17 555 71 1210 1154 51 2214 937 3 1206 1147 2535 283 174 52
positive(p261)::24 26 27 55 66 43 56 45 72 63 47 48 38 39 49:11276:255 554 17 95 781 1163 1875 1092 17 1201 1189 2541 281 168 47
positive(p174)::65 6 8 35 68:2452:92 918 59 633 750
positive(p83)::50 30 8 33 34 11 35 18 21:4557:751 779 29 1441 640 24 643 163 87
positive(p368)::25 26 27 67 55 66 7 44 45 62 63 64 48 38 39 49:11389:449 545 17 535 55 817 1006 2317 1158 15 1307 164 2515 254 183 52
positive(p180)::0 1 50 30 31 33 11 35 13:5653:118 378 1081 771 910 1573 15 671 136
positive(p28)::0 2 3 4 5 30 52 8 33 34 12 13 18 19:6218:124 1000 47 519 62 878 719 26 1407 542 589 74 144 87
positive(p90)::33 34 11 35 21:3332:1621 892 8 655 156
positive(p312)::25 26 27 66 43 61 56 45 63 64 48 38 39 49:10625:436 546 17 796 1176 36 1977 1162 1295 214 2502 239 177 52
positive(p74)::71 1 50 28 6 52 9 10 35 68 18:6055:5 359 758 478 738 726 1372 603 628 281 107
positive(p234)::71 1 50 65 30 33 34 11 35 68 21:5933:32 407 1070 59 915 1542 720 14 629 427 118
positive(p299)::24 25 26 27 51 29 66 32 56 45 72 70 47 48 38 39 49:11199:255 449 578 17 588 35 769 4 1906 1063 15 1133 1246 2629 283 184 45
positive(p251)::24 26 27 66 60 44 45 46 64 48 38 39 49:8335:233 559 17 733 53 2274 1099 16 197 2693 250 170 41
positive(p120)::54 28 65 31 33 34 11 35 13:5236:127 555 80 986 1650 840 20 684 294
positive(p378)::25 26 27 51 42 43 61 56 45 62 70 47 48 38 39 49:12288:436 551 17 580 1202 1144 42 1900 1112 7 1089 1181 2539 256 180 52
positive(p99)::1 50 6 52 9 10 12 18 19 21:5379:356 720 718 719 1382 552 611 142 94 85
positive(p245)::54 1 2 3 4 30 52 32 33 46 35 68 18 19:5934:112 372 916 47 590 724 784 8 1273 1 596 272 107 132
positive(p147)::71 1 3 4 65 8 33 34 11 35 13 19:4484:2 385 47 551 101 28 1516 741 15 653 294 151
positive(p92)::54 2 3 4 65 30 31 8 46 68:4595:98 1103 155 628 77 810 937 45 0 742
positive(p323)::25 27 67 55 42 7 32 44 57 62 70 38 39 49:7937:430 17 537 38 1126 1061 14 2291 714 37 1243 221 165 43
positive(p249)::54 3 4 30 34 12 13 18 19:3365:118 155 522 839 700 595 80 146 210
positive(p187)::2 28 52 8 33 34 11 35:5573:1275 557 748 29 1618 680 16 650
positive(p396)::26 27 29 42 43 60 44 45 62 70 47 48 38 39 49:11515:536 17 45 1183 1167 59 2215 1100 8 1061 1154 2486 267 170 47
positive(p40)::0 59 50 3 28 5 6 31 32 46 12 13 18 19:5325:121 354 1332 155 496 77 916 877 8 1 587 74 144 183
positive(p168)::28 65 31 62 35 21:2536:625 148 984 18 659 102
positive(p384)::26 27 67 29 42 7 60 56 45 62 70 64 48 38 39 49:10850:525 17 537 18 1189 999 53 1991 1149 15 1125 178 2569 254 184 47
positive(p222)::0 4 30 33 34 11 35 18 19:4807:128 536 984 1450 765 20 539 241 144
positive(p352)::24 26 27 51 29 42 7 44 57 46 47 48 38 39 49:11255:255 571 17 566 64 1271 994 2214 869 17 1222 2712 283 153 47
positive(p60)::54 1 50 28 6 31 9 34 11 35 18 19:6047:115 359 741 472 728 833 1387 545 26 612 142 87
positive(p121)::0 1 3 4 30 31 34 11 35 19 21:4561:137 372 155 535 846 821 757 18 637 207 76
positive(p13)::0 2 3 4 5 30 9 10 12 68 18 19 21:5056:115 706 47 504 1 697 1285 551 594 249 129 91 87
positive(p310)::25 26 27 66 7 60 44 57 11 63 47 38 39 49:8787:437 454 17 671 1060 51 2214 887 4 1378 1150 247 165 52
positive(p400)::26 27 66 7 44 45 62 63 64 48 38 39 49:10302:528 17 798 1032 2306 1128 14 1301 201 2519 236 175 47
positive(p334)::24 26 27 51 29 66 43 44 45 63 47 48 38 39 49:11974:244 545 17 553 38 805 1148 2213 1091 1198 1141 2484 273 177 47
positive(p294)::26 27 51 66 43 61 44 45 63 47 48 38 39 49:11786:543 17 564 805 1155 59 2211 1126 1209 1128 2483 259 180 47
positive(p371)::25 26 27 51 55 66 7 44 45 72 63 47 48 38 39 49:12208:449 560 17 553 62 805 987 2213 1101 7 1244 1176 2534 272 176 52
positive(p288)::24 25 26 27 67 42 56 57 11 64 48 38 39 49:9311:233 447 575 17 571 1177 1950 906 4 222 2759 252 153 45
positive(p359)::25 26 27 67 66 7 56 45 63 47 48 38 39 49:11942:449 560 17 561 802 985 1900 1155 1255 1193 2579 259 175 52
positive(p296)::25 27 67 42 43 44 45 46 63 38 39 49:8542:430 17 546 1117 1385 2287 965 8 1356 217 171 43
positive(p89)::54 1 2 4 30 31 33 34 35 13 18 19:6020:115 364 730 512 699 833 1387 501 610 74 108 87
positive(p132)::28 65 31 33 34 35 13:5072:555 111 1008 1650 778 676 294
positive(p125)::0 1 30 31 9 10 12 68 18:5306:125 380 748 816 1440 750 615 309 123
positive(p377)::25 26 27 51 66 43 44 45 72 63 64 48 38 39 49:11370:449 544 17 557 818 1167 2316 1112 9 1291 148 2458 248 184 52
positive(p15)::0 59 2 3 4 5 6 52 9 10 12 13 18 19 21:6568:124 335 953 47 519 83 823 716 1407 553 587 74 144 87 116
positive(p163)::54 50 4 30 52 9 34 35 19:5853:115 827 526 818 739 1515 588 638 87
positive(p124)::59 50 3 28 31 35 68:4834:357 1221 155 583 1037 674 807
positive(p139)::0 69 30 8 33 34 11 35 13:4997:147 668 843 31 1633 854 16 642 163
positive(p112)::0 59 2 3 4 5 6 52 9 10 12 13 18 19:5939:115 345 730 47 512 4 726 732 1326 522 611 74 108 87
positive(p52)::1 2 4 30 31 9 10 11 35 68 18 19 21:6026:356 709 508 658 820 1334 501 25 596 249 107 87 76
positive(p113)::71 2 28 31 9 10 11 35 68:5786:1 875 537 980 1501 650 22 675 545
positive(p10)::1 50 6 52 8 9 10 12 18 19 21:5363:356 744 718 708 28 1337 520 594 142 131 85
positive(p186)::69 65 33 10 11 35:3838:668 103 1620 799 5 643
positive(p17)::71 50 30 34 11 35 68:3883:1 962 927 696 22 653 622
positive(p365)::26 27 67 55 42 44 45 72 64 48 38 39 49:9075:554 17 557 96 1153 2313 1074 7 166 2680 252 165 41
positive(p1)::59 31 32 11 18 19:1933:382 921 8 9 254 359
positive(p106)::0 59 6 8 68:2293:118 382 942 67 784
positive(p190)::54 2 3 4 6 31 9 10 11 12 13 18 19 21:5731:115 723 47 512 662 820 1334 539 26 608 74 108 87 76
positive(p212)::71 1 65 31 33 34 11 35 68:5118:12 385 110 968 1572 799 11 664 597
positive(p341)::24 25 26 27 51 55 66 43 32 56 57 63 64 48 38 39 49:11281:244 449 556 17 558 66 822 1143 0 1956 957 1296 172 2560 257 176 52
positive(p71)::54 59 3 4 65 31 32 11 68 18 19:3380:95 382 155 681 65 963 8 16 497 204 314
positive(p39)::0 59 2 28 5 6 52 33 34 11 35 18:6029:125 345 787 506 5 770 716 1367 621 19 626 142
positive(p151)::2 65 31 33 35 21:5047:1536 70 944 1707 656 134
positive(p209)::0 59 50 4 30 31 32 33 18 19:5358:110 361 914 593 756 874 8 1387 223 132
positive(p164)::71 59 4 30 9 10 11 12 13 18 21:4841:1 354 532 739 1493 760 22 627 80 146 87
positive(p248)::71 1 28 65 33 34 11 35 21:4670:21 420 532 72 1762 989 5 682 187
positive(p379)::25 26 27 29 42 7 61 44 57 63 64 48 38 39 49:11019:436 546 17 15 1176 1027 37 2311 977 1285 180 2545 247 168 52
positive(p146)::54 1 2 28 6 52 9 10 12 68 18 19 21:6037:113 354 708 469 667 723 1326 553 596 249 107 87 85
positive(p252)::24 26 27 51 55 66 43 44 45 46 70 64 48 38 39 49:11112:255 538 17 554 68 818 1160 2317 1088 17 1148 137 2494 267 187 47
positive(p43)::71 1 4 9 10 12 13 18:4155:1 385 563 1533 745 651 131 146
positive(p161)::0 50 28 30 33 34 12 18 19 21:4958:115 721 468 728 1391 584 595 178 91 87
positive(p231)::0 50 4 65 30 52 33 34 35 13 18 19 21:6120:103 961 521 8 819 715 1456 545 571 74 144 87 116
positive(p192)::71 2 5 6 52 8 9 10 12 13 18 19 21:5688:3 983 51 841 712 26 1457 599 588 74 144 94 116
positive(p239)::0 1 50 4 6 52 9 10 11 35 18 19:5988:115 357 736 512 755 732 1379 535 26 612 142 87
positive(p345)::25 26 27 67 42 43 56 57 47 48 38 39 49:11211:447 572 17 574 1259 1186 1865 917 1233 2677 259 153 52
positive(p393)::26 27 29 66 43 44 45 62 63 47 48 38 39 49:11196:543 17 45 783 1167 2215 1110 8 1201 1154 2469 267 170 47
positive(p331)::71 26 27 67 55 66 57 11 47 48 38 39 49:7539:13 578 5 576 101 771 923 1 1413 2732 243 142 41
positive(p286)::25 26 27 51 42 44 57 62 63 47 48 38 39 49:11332:449 565 17 585 1170 2181 880 2 1255 1159 2609 257 158 45
positive(p193)::71 1 28 65 31 33 34 11 35 68:5605:12 385 541 113 1008 1541 753 11 662 579
positive(p148)::54 2 3 4 30 52 8 9 10 12 13 18 21:6286:134 994 47 540 838 715 29 1453 600 602 74 144 116
positive(p305)::24 26 27 55 42 56 45 64 48 38 39 49:8526:244 557 17 103 1146 1984 1084 198 2737 247 168 41
positive(p101)::2 4 65 52 8 33 34 11 35 68:5628:855 581 82 805 29 1476 568 19 668 545
positive(p35)::0 4 5 6 31 33 34 11 35 13 19 21:5870:146 544 47 875 801 1621 817 24 620 163 105 107
positive(p111)::54 1 65 30 8 33 10 35 68:4864:127 385 61 838 31 1523 803 635 461
positive(p176)::54 4 30 52 8 33 34 12 13 18:5181:125 537 744 712 29 1481 721 628 80 124
positive(p246)::71 1 50 6 52 9 10 11 12 18 21:5563:4 354 750 751 723 1429 657 24 644 142 85
positive(p136)::59 3 4 65 8 11 35 68 19 21:3336:368 155 686 116 47 5 634 837 332 156
positive(p375)::26 27 67 55 66 43 44 57 63 64 48 38 39 49:10860:538 17 537 52 824 1160 2319 995 1276 158 2507 256 174 47
positive(p155)::54 1 2 3 4 6 9 10 11 12 18 19 21:5326:115 356 700 47 508 730 1338 554 26 611 163 91 87
positive(p20)::54 30 31 9 10 12 68 18:4936:125 748 816 1440 763 612 309 123
positive(p143)::0 1 50 6 52 33 34 11 35 19:5772:119 357 810 836 741 1518 631 25 641 94
positive(p159)::0 2 3 4 30 52 8 33 10 11 35 18 19:6146:124 1027 47 530 906 703 26 1368 541 21 552 177 124
positive(p274)::71 26 27 51 55 42 7 32 47 48 38 39 49:7917:1 488 5 582 101 1303 954 5 1422 2656 220 133 47
positive(p45)::59 2 4 6 52 9 10 11 35 13 18 19 21:5870:343 712 512 671 728 1379 535 25 611 74 108 87 85
positive(p272)::24 26 27 51 42 43 61 56 57 72 64 48 38 39 49:10103:233 551 17 571 1257 1192 55 1955 921 21 159 2693 259 172 47
positive(p237)::0 59 50 5 30 31 9 10 11 35 18 19:5615:115 345 741 4 746 829 1391 572 26 610 142 94
positive(p250)::54 1 2 3 4 5 6 52 9 10 12 13 18 19 21:6560:122 365 951 47 519 36 823 710 1407 567 592 74 144 87 116
positive(p109)::71 59 65 33 34 12 68:4116:12 365 90 1575 816 661 597
positive(p346)::24 25 26 27 51 66 7 32 56 57 11 63 64 48 38 39 49:11228:233 449 560 17 560 821 1000 0 1955 963 4 1333 224 2617 259 181 52
positive(p170)::3 4 30 31 9 10 11 35 13 18 19:5014:47 517 701 819 1351 647 24 599 80 124 105
positive(p80)::54 59 4 30 31 32 46 13 18 19 21:3383:116 371 622 760 859 8 1 80 205 285 76
positive(p380)::26 27 51 29 42 7 44 45 62 63 64 48 38 39 49:11109:523 17 554 18 1191 1008 2317 1090 15 1238 147 2507 254 183 47
positive(p85)::54 2 5 6 52 9 10 12 13 18 21:5916:132 1002 63 874 704 1504 682 621 74 144 116
positive(p9)::71 1 2 28 30 31 9 10 12 68 18 19:6552:3 410 987 472 846 820 1415 554 566 249 143 87
positive(p366)::24 26 27 51 29 66 43 46 63 47 48 38 39 49:8752:284 469 5 571 32 786 1114 39 1213 1347 2472 220 153 47
positive(p100)::54 1 3 4 65 8 33 10 12 18 19 21:4300:98 375 47 536 56 28 1380 654 624 195 151 156
positive(p349)::24 26 27 51 42 43 56 57 11 63 47 48 38 39 49:11931:233 551 17 582 1208 1150 1865 869 5 1197 1187 2585 270 165 47
positive(p330)::24 25 26 27 51 42 43 56 45 11 70 64 48 38 39 49:11567:233 449 545 17 558 1186 1156 1990 1095 2 1135 170 2534 259 186 52
positive(p321)::25 26 27 67 29 66 43 61 44 57 46 63 47 48 38 39 49:12188:436 566 17 536 20 811 1154 51 2214 989 10 1233 1147 2508 272 172 52
positive(p29)::0 3 31 33 34 11 35 19:4267:137 47 926 1545 777 24 641 170
positive(p32)::0 1 2 30 9 10 11 12 68 21:5374:130 362 764 766 1468 691 24 655 427 87
positive(p56)::59 2 28 30 31 9 10 11 35:6301:344 858 507 807 875 1570 649 22 669
positive(p229)::54 50 30 31 33 34 11 35 18:5427:125 793 779 836 1437 650 25 640 142
positive(p33)::54 1 3 4 30 52 33 10 12 13 18 19 21:5429:118 372 47 517 684 715 1343 641 598 80 124 105 85
positive(p275)::24 26 27 67 42 7 32 56 57 11 47 48 38 39 49:10944:233 564 17 574 1268 990 6 1865 908 4 1261 2770 270 167 47
positive(p49)::0 52 8 9 10 12 18 19:4157:128 760 26 1522 749 564 238 170
positive(p332)::25 26 27 55 42 43 61 56 45 62 64 48 38 39 49:9940:433 561 17 82 1210 1198 36 1981 1173 9 164 2613 244 167 52
positive(p258)::24 25 26 27 51 55 42 56 45 72 63 47 48 38 39 49:11677:255 449 571 17 588 74 1163 1906 1032 15 1229 1246 2625 283 179 45
positive(p342)::25 26 27 55 42 43 60 56 57 64 48 38 39 49:9748:433 569 17 77 1225 1204 37 1945 954 173 2656 247 159 52
positive(p34)::54 1 50 28 30 31 9 10 11 35 18 21:6113:125 362 764 506 707 812 1375 600 19 625 142 76
positive(p268)::71 26 27 67 55 42 43 56 45 46 70 64 48 38 39 49:10913:13 533 17 537 68 1186 1150 1991 1105 17 1105 168 2525 267 184 47
positive(p36)::0 1 50 3 4 30 31 33 34 18 19 21:5473:115 356 716 47 521 718 799 1295 483 223 124 76
positive(p304)::25 26 27 67 66 32 44 45 62 63 47 48 38 39 49:11102:449 566 17 564 743 4 2206 1100 13 1256 1159 2566 250 164 45
positive(p64)::28 6 52 8 9 10 11 35 68:5393:492 758 726 29 1508 780 13 645 442
positive(p158)::54 2 30 31 11 12 18 19:4284:121 1365 988 852 12 579 177 190
positive(p129)::71 1 2 3 4 5 6 52 9 10 12 68 18 19:6479:4 367 972 47 516 23 874 714 1354 553 576 249 143 87
positive(p47)::71 65 33 34 62 35 68 19:3716:13 98 1490 759 16 616 552 172
positive(p233)::1 28 30 31 33 34 11 35 68:5866:385 492 731 861 1516 783 13 643 442
positive(p67)::0 50 28 30 52 33 34 11 35 18 19:5628:115 787 482 755 716 1340 555 21 591 142 124
positive(p257)::26 27 42 43 60 56 57 46 70 64 48 38 39 49:10207:531 17 1171 1175 55 1941 940 12 1143 198 2567 239 171 47
positive(p350)::24 25 26 27 51 55 66 43 56 45 72 63 64 38 39 49:8820:236 450 439 17 550 50 691 1318 1903 1102 17 1377 185 247 186 52
positive(p262)::71 26 27 67 55 66 7 44 57 70 47 48 38 39 49:11508:2 552 17 536 76 811 989 2214 952 1127 1154 2600 273 158 47
positive(p381)::25 26 27 67 66 7 44 45 62 70 47 48 38 39 49:12046:449 556 17 545 804 995 2211 1139 13 1142 1141 2551 256 175 52
positive(p391)::26 27 51 42 44 45 63 64 48 38 39 49:10050:532 17 575 1149 2285 1052 1266 149 2552 249 183 41
positive(p324)::71 26 27 55 66 43 60 44 45 11 64 48 38 39 49:9426:13 559 17 102 776 1216 53 2310 1182 1 133 2591 258 168 47
positive(p46)::59 2 4 6 52 9 34 11 35 18 19 21:5840:343 738 522 700 712 1340 521 20 593 142 124 85
positive(p207)::54 6 52 8 11 35 13 18:2645:117 861 758 59 15 631 80 124
positive(p169)::0 2 3 4 30 31 33 35 68 18 19:5648:110 941 47 590 696 879 1282 592 272 107 132
positive(p333)::24 25 26 27 55 66 43 60 44 57 46 63 64 48 38 39 49:11119:255 436 559 17 66 803 1179 37 2311 980 19 1308 154 2515 258 170 52
positive(p48)::59 2 28 65 31 32 35 13:4259:357 1153 617 122 1068 4 671 267
positive(p114)::54 1 3 28 30 31 33 34 35 68 19 21:5819:137 375 47 482 690 826 1378 682 611 410 105 76
positive(p178)::0 59 50 3 4 5 30 31 32 11 35 68 19:5969:126 354 1362 155 627 69 931 885 8 16 614 639 183
positive(p220)::0 1 4 30 31 9 10 11 12 13 18 19 21:5538:118 375 517 675 806 1404 634 26 598 80 124 105 76
positive(p306)::24 26 27 67 42 7 60 44 57 72 63 47 48 38 39 49:12266:233 548 17 547 1212 996 69 2212 940 20 1218 1163 2597 270 177 47
positive(p41)::71 1 50 5 30 31 33 10 12 13 18:6145:13 370 1014 26 902 823 1512 643 624 74 144
positive(p22)::54 1 50 28 6 52 33 10 12 18 19:5931:113 359 740 472 755 726 1379 546 612 142 87
positive(p102)::0 1 50 6 33 10 12 68:5346:130 357 787 838 1468 682 657 427
positive(p165)::69 4 65 31 32 68 19 21:3709:674 697 112 933 8 870 313 102
positive(p70)::3 4 65 31 32 68 19:3163:155 694 115 974 2 909 314
positive(p54)::54 59 3 4 65 31 32 72 35 68 18 19:3846:95 378 155 688 73 972 8 0 605 436 123 313
positive(p200)::0 59 30 9 10 12 68 18:4607:129 363 821 1444 786 610 309 145
positive(p385)::25 26 27 66 43 61 44 57 46 47 48 38 39 49:10545:433 577 17 782 1216 51 2196 973 12 1193 2632 256 155 52
positive(p138)::71 50 4 5 6 52 9 10 35 13 18 19:6084:3 1006 519 50 878 719 1459 556 589 74 144 87
positive(p25)::1 2 28 52 8 33 11 35 68 18 21:6050:421 1413 541 804 67 1488 15 620 362 143 176
positive(p326)::26 27 51 29 66 7 56 45 62 63 47 48 38 39 49:11471:546 17 569 26 803 978 1903 1122 14 1224 1206 2571 270 175 47
positive(p188)::69 50 28 65 31 9 10 35 13:6673:616 1186 559 58 996 1669 672 650 267
positive(p185)::2 3 4 6 52 33 10 12 68 18 19 21:5577:721 47 508 667 723 1273 515 595 249 107 87 85
positive(p206)::54 50 30 31 11 35 18 19:3796:112 1016 836 875 17 608 142 190
positive(p135)::1 50 6 9 10 12 13 19:5625:408 1081 961 1606 714 624 136 95
positive(p319)::25 26 27 67 55 42 44 45 63 64 48 38 39 49:10616:449 549 17 554 64 1122 2313 1084 1275 171 2546 252 175 45
positive(p117)::71 2 65 31 33 34 11 35 68:5404:23 861 96 1004 1516 659 19 662 564
positive(p213)::2 3 4 5 6 52 33 10 12 68 18 19 21:6177:971 47 516 50 818 716 1354 537 573 249 143 87 116
positive(p363)::24 26 27 51 66 43 60 44 57 46 70 64 48 38 39 49:11053:233 542 17 559 824 1167 55 2318 977 21 1174 141 2538 259 181 47
positive(p344)::24 25 26 27 67 55 42 44 45 63 64 48 38 39 49:10850:244 449 549 17 554 67 1149 2286 1072 1275 138 2561 257 187 45
positive(p338)::71 25 26 27 51 55 42 7 60 56 45 63 64 48 38 39 49:11501:13 436 548 17 556 66 1189 997 36 1991 1129 1258 202 2559 267 185 52
positive(p232)::54 1 50 4 30 8 33 34 11 35 18 19:5370:115 364 722 508 802 28 1391 551 26 609 163 91
positive(p218)::54 1 30 33 34 12 13 19:4551:137 385 811 1548 768 626 163 113
positive(p57)::0 2 3 28 5 6 52 9 10 12 68 18 19 21:6303:124 975 47 472 62 818 716 1354 567 573 249 143 87 116
positive(p316)::71 25 26 27 29 56 45 64 48 38 39 49:7444:13 447 596 17 61 1925 1162 203 2573 248 158 41
positive(p295)::25 26 27 67 29 42 60 56 57 63 47 48 38 39 49:11241:436 571 17 571 20 1169 51 1871 914 1244 1246 2641 272 173 45
positive(p293)::24 26 27 51 55 42 7 60 44 45 46 70 47 48 38 39 49:12326:255 544 17 553 76 1207 989 59 2213 1059 15 1079 1176 2571 283 183 47
positive(p182)::71 50 30 31 8 9 10 12:6102:10 1176 993 834 26 1659 749 655
positive(p98)::0 30 52 8 9 10 12 68 18 19 21:4719:118 698 711 26 1347 657 579 263 123 112 85
positive(p115)::2 28 30 31 33 34 35 68:6082:850 493 729 875 1460 613 654 408
positive(p119)::54 2 65 31 33 34 11 35 13 21:5307:109 825 65 919 1625 687 21 687 267 102
positive(p302)::71 25 26 27 51 55 42 43 32 44 57 11 70 64 48 38 39 49:11564:13 449 552 17 556 63 1195 1160 0 2319 962 3 1140 121 2518 267 177 52
positive(p171)::0 50 3 4 30 52 8 33 10 12 68 18 19:5708:115 753 47 508 722 732 26 1273 497 592 249 107 87
positive(p347)::24 25 27 55 42 7 32 44 45 62 63 48 38 39 49:10251:241 430 17 86 1181 1032 4 2250 925 37 1282 2321 233 169 43
positive(p55)::54 59 50 3 28 6 31 12 13 18:5230:123 327 1481 155 516 932 886 592 74 144
positive(p177)::1 2 30 52 8 9 10 12 13:6344:410 1121 948 709 31 1640 692 657 136
positive(p195)::0 50 28 31 33 34 11 35 13 18 19:5310:115 787 494 927 1427 556 26 630 125 108 115
positive(p199)::54 1 2 3 4 6 31 33 10 12 18 19 21:6607:124 405 979 47 530 843 791 1376 539 565 177 124 107
positive(p183)::54 59 28 65 33 34 11 35:4192:127 365 539 75 1595 828 14 649
positive(p328)::24 25 26 27 67 55 42 43 32 56 57 46 63 64 48 38 39 49:11596:255 449 554 17 539 63 1193 1150 0 1956 929 19 1253 161 2560 267 179 52
positive(p104)::0 50 4 5 6 31 9 34 12 68 18 21:6554:134 991 526 62 825 816 1462 601 606 281 143 107
positive(p221)::59 30 31 33 34 35 13:5256:365 771 856 1629 816 656 163
positive(p131)::71 1 50 28 5 6 52 9 10 12 13 21:6863:10 365 1098 510 20 858 710 1642 730 668 136 116
positive(p291)::71 25 26 27 51 55 42 43 44 45 11 63 47 38 39 49:10152:22 450 442 17 547 58 1093 1322 2233 1066 1 1287 1123 263 176 52
positive(p61)::0 1 28 6 33 34 11 35 18:4902:129 378 500 829 1435 804 18 614 195
positive(p95)::0 30 31 33 34 12 13 19:4907:137 738 835 1544 751 627 163 112
positive(p194)::1 28 6 52 9 10 12 18 19 21:5324:367 470 714 703 1409 688 610 173 105 85
positive(p141)::0 3 4 33 34 11 35 13:4220:147 47 577 1617 856 16 666 294
positive(p149)::0 50 4 65 6 31 33 34 11 35 18 21:5866:104 747 534 39 703 834 1430 593 22 642 142 76
positive(p203)::0 50 30 52 9 10 11 35 19:5460:119 836 836 741 1518 651 25 640 94
positive(p153)::65 52 8 33 10 11 35 13 19:4353:96 784 26 1587 743 15 638 294 170
positive(p327)::25 26 27 67 66 7 61 44 57 11 63 47 48 38 39 49:12157:436 570 17 547 810 994 51 2212 1008 4 1270 1163 2578 270 175 52
positive(p11)::50 3 4 6 31 9 10 11 35 13 18 19:5616:761 47 512 699 833 1334 528 25 608 74 108 87
positive(p270)::24 26 27 67 66 43 60 44 45 63 64 48 38 39 49:11165:221 530 17 538 818 1161 53 2316 1149 1271 132 2477 249 186 47
positive(p97)::54 59 3 4 30 31 33 34 11 35 13 19 21:5778:137 354 47 532 695 826 1488 707 24 624 163 105 76
positive(p211)::54 1 2 3 4 5 6 52 9 10 12 68 18 19:6603:124 367 972 47 516 36 874 719 1354 539 576 249 143 87
positive(p241)::0 4 31 33 34 12 68 18 19 21:4789:114 535 844 1392 629 601 317 123 132 102
positive(p58)::0 1 50 6 52 33 34 11 35 18 19 21:5543:115 354 719 718 725 1382 572 26 611 142 94 85
positive(p307)::71 26 27 55 66 7 44 45 63 47 48 38 39 49:11196:2 545 17 96 783 1008 2215 1110 1227 1167 2539 270 170 47
positive(p37)::0 30 52 8 9 10 11 35 68 18:5271:138 955 700 29 1507 848 24 573 309 188
positive(p360)::25 26 27 51 29 42 43 44 45 62 47 48 38 39 49:11638:447 571 17 556 47 1235 1183 2213 1109 8 1188 2576 270 166 52
positive(p21)::54 59 50 4 5 6 52 9 10 12 68 18 19 21:6026:115 343 704 508 4 667 728 1326 508 595 249 107 87 85
positive(p354)::24 25 26 27 51 55 42 43 60 56 45 47 48 38 39 49:11795:244 433 575 17 572 98 1233 1173 42 1903 1120 1240 2647 273 173 52
positive(p76)::69 28 65 8 9 34 11 35 68:4850:668 522 93 31 1544 752 11 650 579
positive(p201)::0 1 28 30 33 34 11 12 18 19:4835:118 380 466 805 1421 713 20 609 195 108
positive(p78)::0 6 31 33 10 11 12 13 18 19:4714:118 719 815 1408 717 26 595 80 124 112
positive(p264)::71 26 27 67 29 66 60 44 45 72 63 47 48 38 39 49:10776:13 561 17 553 47 743 59 2208 1091 15 1225 1194 2558 279 172 41
positive(p395)::71 26 27 29 42 7 60 56 45 46 47 48 38 39 49:10435:13 567 17 87 1218 1002 59 1875 1129 15 1264 2699 281 162 47
positive(p150)::0 28 31 9 10 11 35 18:4646:129 550 916 1471 756 18 633 173
positive(p376)::26 27 51 55 42 43 44 45 46 63 47 48 38 39 49:12101:537 17 553 64 1204 1154 2213 1050 8 1171 1147 2483 272 181 47
positive(p3)::54 59 50 3 4 30 31 9 10 11 35 13 19 21:6838:129 310 1041 47 534 834 815 1551 619 25 603 136 87 107
positive(p53)::71 1 28 30 31 33 10 12 68 21:5878:1 375 492 706 842 1516 785 643 442 76
positive(p263)::26 27 67 42 44 57 63 47 48 38 39 49:10867:551 17 566 1170 2181 888 1235 1181 2615 259 163 41
positive(p254)::26 27 67 66 61 44 57 62 63 64 48 38 39 49:9770:544 17 559 789 55 2286 986 3 1314 160 2595 246 175 41
positive(p260)::24 26 27 67 55 66 60 44 45 63 47 48 38 39 49:11033:244 555 17 553 77 771 59 2182 1096 1225 1172 2585 273 183 41
positive(p184)::6 52 33 34 11 35 68 21:4956:750 716 1511 776 13 644 461 85
positive(p152)::0 1 50 4 30 9 10 11 35 18 19:5363:115 362 722 508 802 1391 574 26 609 163 91
positive(p364)::26 27 51 55 42 44 57 62 63 64 48 38 39 49:10018:539 17 575 65 1128 2314 909 10 1270 140 2595 250 165 41
positive(p303)::24 25 26 27 55 66 43 60 44 45 11 47 48 38 39 49:11101:255 433 586 17 116 771 1209 42 2215 1151 1 1206 2602 281 164 52
positive(p191)::2 52 9 10 13 21:4281:839 751 1618 661 267 145
positive(p75)::54 1 50 28 6 52 9 10 12 68 18:6190:123 357 756 478 738 726 1372 624 628 281 107
positive(p244)::54 1 50 3 4 30 8 18:3548:113 372 1075 155 620 915 53 245
positive(p387)::71 25 26 27 51 29 42 43 44 57 63 64 48 38 39 49:11577:2 449 546 17 556 27 1195 1154 2319 955 1253 134 2489 257 172 52
positive(p88)::0 1 4 30 31 33 10 18 19 21:5496:124 380 529 911 783 1485 714 358 105 107
positive(p240)::1 50 30 31 33 11 35 68:6370:423 1458 918 885 1539 12 641 494
positive(p144)::59 3 4 6 52 33 34 11 35 68 19:5598:366 47 528 743 731 1370 672 15 611 410 105
positive(p335)::24 26 27 67 29 44 57 64 48 38 39 49:7841:244 579 17 532 69 2251 937 156 2617 247 156 36
positive(p267)::26 27 66 61 56 57 62 63 47 48 38 39 49:9700:560 17 736 69 1823 916 2 1263 1201 2658 254 160 41
positive(p289)::25 26 27 51 29 66 60 44 45 46 70 64 48 38 39 49:10216:436 556 17 573 15 783 36 2286 1095 7 1195 179 2551 256 186 45
positive(p137)::1 50 4 30 9 34 11 35 18 19:5238:357 746 518 801 1352 560 18 581 178 127
positive(p167)::50 6 52 33 34 11 35 21:5406:852 814 730 1565 668 22 670 85
positive(p84)::71 28 65 52 8 33 34 11 35 68 18 19:4777:23 496 54 744 26 1442 764 23 568 317 188 132
positive(p357)::24 25 26 27 51 55 42 43 61 44 45 11 63 64 48 38 39 49:12008:255 436 545 17 554 66 1189 1160 36 2317 1098 1 1237 119 2472 267 187 52
positive(p156)::71 2 30 31 33 34 62 35:5438:3 883 842 852 1508 697 1 652
positive(p280)::24 25 26 27 42 7 61 44 45 63 64 48 38 39 49:11309:221 436 537 17 1171 1035 36 2306 1106 1272 175 2528 239 178 52
positive(p127)::0 1 28 6 31 33 34 11 12 68 18 19 21:5610:118 369 468 671 806 1351 655 26 583 259 123 105 76
positive(p196)::0 1 50 3 4 6 8 9 34 11 35 18 19 21:5340:115 356 719 47 518 730 28 1299 536 21 594 163 127 87
positive(p266)::71 26 27 51 55 42 43 56 45 46 70 47 48 38 39 49:11865:13 546 17 569 76 1202 1143 1903 1066 17 1058 1200 2544 283 181 47
positive(p370)::25 26 27 67 29 42 43 56 45 46 70 47 48 38 39 49:12256:449 555 17 550 23 1202 1143 1903 1102 8 1078 1200 2526 272 176 52
positive(p105)::54 1 50 28 30 31 33 34 11 35 18 19 21:6048:115 356 719 472 691 820 1387 545 26 612 142 87 76
positive(p154)::54 1 50 3 4 6 52 8 9 10 12 13 18 19 21:5954:115 356 707 47 512 671 728 28 1326 498 612 74 108 87 85
positive(p283)::24 25 26 27 67 55 66 56 57 70 47 48 38 39 49:11010:244 449 579 17 571 74 775 1871 895 1148 1224 2685 273 160 45
positive(p227)::54 1 2 3 4 6 9 10 11 12 68 18 19:5425:115 364 712 47 504 770 1285 540 26 593 249 129 91
positive(p26)::54 30 9 10 11 12 18 19:4045:118 819 1422 750 20 608 195 113
positive(p197)::1 2 28 6 52 8 9 10 12 13 18 19 21:5846:356 718 472 671 728 28 1379 528 612 74 108 87 85
positive(p65)::54 59 28 30 31 9 34 11 35 13:5913:147 365 506 736 861 1625 832 22 656 163
positive(p16)::59 2 6 9 10 12 68 18:4985:345 744 819 1388 635 626 299 129
positive(p298)::25 26 27 67 66 43 60 44 45 11 63 64 48 38 39 49:11423:436 550 17 538 818 1167 36 2316 1159 2 1291 139 2458 259 185 52
positive(p110)::50 4 30 31 33 34 11 35 19:5882:854 526 791 853 1523 587 23 638 87
positive(p337)::24 25 26 27 67 42 32 44 57 72 63 47 48 38 39 49:11643:233 449 572 17 566 1143 14 2207 894 20 1255 1181 2624 263 160 45
positive(p309)::71 26 27 51 29 42 60 56 45 70 64 48 38 39 49:9852:2 537 17 575 30 1147 53 1995 1093 1142 178 2600 257 185 41
positive(p27)::0 59 4 30 8 33 34 12 68 18 19 21:4891:118 354 510 710 28 1355 639 578 259 145 108 87
positive(p77)::59 2 28 6 52 9 34 12 19:6069:345 812 487 818 739 1515 626 640 87
positive(p44)::59 6 52 8 9 10 11 12 13 19:5084:369 765 727 28 1536 742 15 627 163 112
positive(p281)::71 27 51 55 42 43 56 45 63 38 39 49:7641:11 17 555 51 1101 1368 1778 967 1351 225 176 41
positive(p4)::71 2 6 52 8 33 10 12 18 21:5730:14 1010 902 704 29 1504 672 602 177 116
positive(p369)::24 26 27 51 55 42 43 60 44 45 72 63 64 48 38 39 49:11553:255 531 17 554 68 1189 1160 53 2317 1078 17 1217 119 2477 267 187 47
positive(p50)::54 50 28 5 30 31 9 10 12 13 18 19 21:6308:124 978 475 61 814 807 1468 580 589 74 144 87 107
positive(p389)::26 27 51 66 43 44 45 46 63 47 48 38 39 49:11723:549 17 564 805 1161 2211 1080 17 1209 1134 2483 270 176 47
positive(p31)::50 6 52 33 34 11 35 18 19:5103:773 773 728 1382 575 25 611 142 94
positive(p122)::71 2 65 31 8 11 35 18 19:3122:13 999 75 958 35 17 617 142 266
positive(p116)::59 28 31 33 12 13:4606:378 565 1033 1666 670 294
positive(p374)::25 26 27 55 66 43 56 45 72 70 64 48 38 39 49:10534:449 549 17 58 797 1169 1981 1140 8 1171 201 2519 247 176 52
positive(p217)::54 65 30 31 34 11 35 13:3680:127 78 857 881 891 20 663 163
positive(p265)::24 26 27 42 7 56 45 47 48 38 39 49:10397:221 551 17 1213 1010 1854 1108 1230 2726 257 163 47
positive(p210)::28 30 31 33 34 62 35:5196:509 808 843 1567 808 20 641
positive(p317)::24 26 27 51 55 42 60 44 45 63 47 48 38 39 49:11369:244 547 17 572 77 1165 59 2182 1043 1209 1172 2585 273 183 41
positive(p2)::2 28 65 31 33 34 62 35:5426:894 559 118 1004 1536 640 8 667
positive(p314)::26 27 67 55 42 43 61 44 45 70 47 48 38 39 49:12096:537 17 534 64 1204 1154 59 2213 1109 1058 1147 2500 272 181 47
positive(p23)::71 59 2 5 6 31 8 9 10 12 18:6197:14 340 1016 69 929 811 27 1523 662 629 177
positive(p318)::25 26 27 67 29 66 7 32 44 57 70 47 48 38 39 49:12007:449 566 17 536 20 811 987 14 2214 992 1147 1176 2582 272 172 52
positive(p320)::24 25 26 27 66 32 47 48 38 39 49:6414:262 432 505 5 723 7 1417 2674 205 139 45
positive(p8)::69 50 3 4 31 32 33 68 19:5948:657 1387 47 637 963 8 1476 614 159
positive(p142)::0 28 5 6 31 9 10 35 13 18:5724:134 494 54 897 809 1570 888 609 80 189
positive(p87)::54 59 50 4 30 31 33 34 11 35 19:6283:119 344 805 526 791 853 1523 574 25 636 87
positive(p353)::24 25 26 27 67 29 66 7 60 44 45 63 47 48 38 39 49:12495:255 436 566 17 534 35 805 987 42 2213 1131 1244 1176 2536 283 183 52
positive(p242)::54 4 30 8 9 10 12 68:4893:130 532 815 29 1520 784 641 442
positive(p216)::69 2 28 30 31 33 34 11 35 13:7126:616 1121 510 886 850 1651 698 22 636 136
positive(p69)::0 50 6 31 33 34 11 35 13:5717:130 833 769 870 1573 709 24 673 136
positive(p51)::50 6 9 10 12 18 19 21:4402:726 744 1394 581 597 178 95 87
positive(p157)::0 1 50 4 6 31 33 34 11 35 68 21:6581:130 356 774 532 693 862 1460 608 24 658 408 76
positive(p253)::71 26 27 51 29 42 43 44 45 72 64 48 38 39 49:10235:13 551 17 557 60 1233 1196 2317 1091 17 115 2578 267 176 47
positive(p358)::25 26 27 67 66 7 56 57 46 70 64 48 38 39 49:10885:449 553 17 541 821 1000 1955 977 11 1220 244 2620 248 177 52
positive(p255)::71 25 26 27 51 55 42 56 45 63 64 48 38 39 49:10473:13 449 557 17 575 66 1147 1995 1081 1275 211 2591 267 184 45
positive(p277)::24 25 26 27 29 61 56 57 63 64 48 38 39 49:8652:244 436 576 17 38 37 1890 926 1331 200 2520 237 159 41
positive(p179)::1 50 30 9 10 35 21:4952:356 841 843 1512 658 655 87
positive(p282)::26 27 29 66 43 60 44 57 72 63 64 48 38 39 49:10319:538 17 17 803 1179 55 2311 992 10 1288 154 2493 247 168 47
positive(p238)::0 50 3 28 30 31 46 35 68 18 19 21:4650:112 968 155 493 724 877 1 592 362 107 183 76
positive(p72)::71 4 5 6 8 9 10 12 13 18 19:4749:0 525 45 956 26 1489 752 576 80 192 108
positive(p130)::0 4 52 33 34 11 35 18 21:4738:129 578 742 1542 750 19 660 173 145
positive(p145)::54 1 50 30 31 33 10 12 13:6021:130 362 807 769 870 1573 703 671 136
positive(p336)::25 26 27 29 42 7 61 56 45 46 63 47 48 38 39 49:11746:436 555 17 42 1183 998 42 1875 1100 7 1215 1218 2565 270 171 52
positive(p134)::0 1 2 5 6 31 33 34 11 68 18:5998:134 359 990 19 921 819 1460 675 25 333 263
positive(p204)::1 50 4 6 9 34 11 35 18 19:5245:357 727 508 801 1391 574 20 598 178 91
positive(p394)::71 25 26 27 67 29 42 7 56 45 63 64 48 38 39 49:11413:13 449 548 17 537 27 1189 997 1991 1135 1258 202 2546 267 185 52
positive(p256)::24 26 27 67 66 43 56 45 72 63 64 48 38 39 49:10897:233 538 17 539 816 1157 1990 1117 17 1271 188 2522 259 186 47
positive(p73)::54 1 2 3 28 31 9 34 11 35 13 18 19:5632:115 364 761 47 494 927 1375 544 26 631 125 108 115
positive(p397)::24 25 26 27 51 55 66 7 44 45 63 64 48 38 39 49:11680:255 449 553 17 554 66 817 1004 2317 1119 1307 188 2529 267 186 52
positive(p236)::71 50 30 31 9 10 35 13:5565:3 835 769 864 1573 712 673 136
positive(p38)::0 59 50 28 5 6 9 10 12 18 19 21:5307:113 343 703 468 3 730 1391 605 610 163 91 87
